0 0.880992 2.528064 19.535040 24900
1 7.354368 -4.021920 0.957600 24908
2 -17.535040 2.030112 -3.753792 24914
0 0.536256 0.842688 0.842688 25123
1 -2.796192 8.695008 -3.042400 25129
2 -2.773056 7.009632 0.727776 25135
0 -0.153216 0.187424 4.864608 25341
1 10.418688 -10.801728 -4.366656 25348
2 -2.642976 7.316064 0.727776 25355
0 1.493856 0.612864 -0.804384 25561
1 -16.164288 -18.539136 2.374848 25568
2 -1.642976 7.316064 -2.987712 25575
0 0.766080 0.612864 0.842688 25781
1 -6.894720 -18.539136 -2.949408 25789
2 -1.264032 18.807264 2.872800 25798
0 -2.298240 2.336544 0.306432 26005
1 -6.894720 5.554080 -4.788000 26011
2 -1.264032 18.807264 2.872800 26018
0 -3.332448 -0.880992 19.535040 26225
1 11.223072 5.554080 -4.788000 26232
2 -10.503488 6.128640 1.570464 26239
0 -1.264032 0.000000 4.060224 26445
1 -18.776928 -2.489760 0.421344 26452
2 -10.503488 6.128640 1.570464 26458
0 0.229824 0.114912 8.158752 26665
1 11.464960 -19.535040 -3.332448 26672
2 -10.503488 6.128640 1.570464 26679
0 -2.566368 0.114912 0.038304 26886
1 12.793536 -19.535040 -3.332448 26892
2 -14.648512 -11.721024 -9.269568 26899
0 0.727776 -0.880992 9.116352 27106
1 12.793536 -4.979520 0.306432 27112
2 -14.095872 6.435072 -9.269568 27119
0 -0.651168 3.638880 8.311968 27327
1 10.456992 5.783904 -2.834496 27333
2 -14.095872 6.435072 -1.570464 27340
0 0.421344 3.638880 8.311968 27546
1 10.456992 -4.673088 -2.834496 27553
2 -7.354368 1.034208 -1.570464 27559
0 -2.642976 0.497952 6.281856 27766
1 0.456992 -4.673088 -0.880992 27772
2 -7.354368 1.034208 -4.443264 27778
0 -2.642976 0.612864 0.281856 27985
1 -0.919296 15.326912 -0.880992 27991
2 -10.188864 6.281856 -4.443264 27998
0 -2.298240 1.072512 5.362560 28205
1 10.916640 16.011072 -2.030112 28211
2 -0.188864 6.281856 4.941216 28218
0 -1.034208 -0.727776 8.362560 28425
1 -4.175136 -3.064320 -1.685376 28432
2 -0.651168 19.535040 6.779808 28438
0 -0.995904 4.038304 -0.804384 28645
1 -11.414592 6.358464 -3.294144 28651
2 -0.651168 19.535040 6.779808 28659
0 -1.340640 0.251744 15.130080 28866
1 4.902912 -19.535040 3.409056 28873
2 -0.651168 19.535040 6.779808 28880
0 1.800288 -0.842688 19.535040 29086
1 -5.592384 -7.775712 -1.455552 29092
2 -6.856416 -8.733312 6.779808 29099
0 0.076608 -0.421344 0.229824 29306
1 -5.592384 -1.608768 -2.451456 29312
2 -6.856416 -8.733312 6.779808 29319
0 -1.225728 -0.344736 16.662240 29526
1 -18.807264 -14.823648 -4.634784 29534
2 -5.856416 -8.733312 -2.757888 29541
0 1.264032 -0.229824 0.995904 29747
1 9.231264 -2.221632 0.306432 29756
2 -5.856416 -8.733312 -2.757888 29762
0 0.804384 -0.229824 19.535040 29969
1 -2.949408 2.778368 0.306432 29976
2 -5.856416 -8.733312 -2.757888 29983
0 -1.034208 4.804384 3.600576 30189
1 -3.949408 3.370752 -2.451456 30196
2 -5.515776 -9.422784 -2.757888 30202
0 0.268128 0.459648 12.678624 30409
1 -5.179232 -15.819552 4.826304 30416
2 -11.515776 -9.422784 -6.588288 30424
0 0.880992 1.344736 13.329792 30631
1 -3.026016 7.464960 -1.608768 30637
2 -11.989152 6.358464 -6.588288 30644
0 -1.072512 1.493856 3.294144 30851
1 -3.026016 8.158752 -4.021920 30857
2 -11.989152 6.358464 -6.588288 30864
0 -0.421344 0.638880 8.886528 31072
1 -19.535040 -19.535040 -2.757888 31078
2 -18.989152 6.358464 2.796192 31085
0 -0.153216 -1.455552 -0.459648 31291
1 3.332448 -11.491200 -0.651168 31298
2 -18.654048 -2.834496 2.796192 31305
0 0.191520 -0.191520 -0.421344 31512
1 -0.919296 7.852320 -6.664896 31519
2 -18.654048 -2.834496 2.796192 31526
0 -3.217536 5.975424 12.870144 31733
1 -0.919296 -14.210784 3.026016 31740
2 -18.654048 -2.834496 -7.737408 31746
0 -4.060224 -1.383040 2.298240 31953
1 3.294144 -10.342080 3.026016 31960
2 -8.235360 -3.868704 -7.737408 31967
0 0.000000 2.451456 13.329792 32173
1 -6.626592 7.890624 -0.153216 32181
2 -19.235360 -3.868704 -5.477472 32187
0 -0.191520 5.017824 18.757888 32394
1 -9.920736 -19.535040 -6.703200 32401
2 -19.535040 -1.868704 -5.477472 32408
0 -0.689472 0.017824 18.539136 32615
1 0.842688 -16.535040 2.834496 32624
2 -19.535040 -1.868704 -5.477472 32631
0 -0.344736 1.225728 19.535040 32838
1 0.842688 -16.547328 -1.110816 32845
2 -15.233920 6.396768 -16.892064 32851
0 0.766080 3.140928 18.615744 33058
1 -4.098528 6.128640 -5.285952 33065
2 -15.233920 6.396768 -16.892064 33072
0 0.038304 -0.497952 0.766080 33279
1 13.827744 -3.871360 -5.285952 33285
2 -15.233920 6.396768 -16.892064 33292
0 0.076608 -0.344736 10.150560 33499
1 13.827744 -4.941216 -5.285952 33505
2 -15.233920 6.396768 -16.892064 33512
0 1.034208 -0.344736 10.150560 33719
1 -10.172256 -4.941216 0.766080 33726
2 -3.332448 5.131296 -5.707296 33733
0 1.034208 1.655264 10.150560 33939
1 -11.376288 -9.941216 0.766080 33946
2 -3.332448 5.131296 -5.707296 33953
0 0.034208 2.719584 9.844128 34160
1 -11.376288 -9.941216 0.766080 34166
2 -15.513120 13.751136 -2.374848 34173
0 0.034208 2.719584 9.844128 34380
1 -11.376288 -9.039744 -1.302336 34386
2 -7.699104 13.751136 -1.647072 34393
0 -0.804384 0.110816 16.930368 34600
1 -14.287392 -11.376288 -1.302336 34607
2 -7.699104 -6.779808 -5.647072 34614
0 -0.804384 0.000000 0.000000 34823
1 -14.287392 -11.376288 -2.987712 34830
2 -1.302336 -6.779808 -5.209344 34837
0 -0.804384 0.000000 0.000000 35044
1 2.106720 -15.376288 -2.987712 35050
2 -1.302336 10.418688 -5.209344 35057
0 -0.421344 0.229824 0.000000 35263
1 2.106720 -15.053472 -2.987712 35270
2 -1.302336 10.418688 -5.209344 35277
0 -1.421344 0.229824 17.121888 35484
1 0.106720 -15.053472 -1.034208 35491
2 -1.302336 10.418688 -5.209344 35497
0 -1.378944 1.229824 17.121888 35704
1 0.106720 -15.053472 -1.034208 35710
2 -5.017824 10.418688 -0.229824 35717
0 -1.378944 1.225728 17.121888 35925
1 0.106720 -15.053472 -1.034208 35932
2 -5.017824 4.418688 -0.229824 35939
0 -1.378944 1.225728 4.251744 36145
1 0.106720 -15.053472 -1.034208 36152
2 -5.017824 4.418688 -0.229824 36159
0 0.114912 1.225728 4.251744 36365
1 0.106720 -15.053472 -1.034208 36372
2 -5.017824 4.136832 -2.229824 36378
0 0.114912 2.145024 4.251744 36585
1 0.106720 -15.053472 -1.034208 36591
2 -9.690912 5.136832 -2.068416 36597
0 0.114912 2.145024 10.342080 36804
1 0.106720 -15.053472 -1.034208 36810
2 -9.690912 5.136832 -2.068416 36817
0 -0.421344 2.145024 10.342080 37024
1 0.106720 -15.053472 -1.034208 37031
2 -9.690912 5.136832 -2.068416 37038
0 -0.421344 0.145024 10.342080 37244
1 0.106720 -15.053472 -1.034208 37252
2 -9.690912 5.209344 -2.068416 37259
0 -0.421344 0.145024 10.342080 37465
1 0.106720 -15.053472 -1.034208 37472
2 -9.690912 5.209344 -2.068416 37479
0 -0.421344 -0.306432 3.342080 37685
1 0.106720 -15.053472 -1.034208 37691
2 -9.690912 5.209344 -2.068416 37698
0 -0.421344 -0.306432 3.342080 37904
1 0.106720 -15.053472 -1.034208 37911
2 -9.690912 5.209344 -4.068416 37918
0 4.098528 3.693568 3.217536 38348
1 0.106720 -15.053472 -1.034208 38354
2 -9.690912 5.209344 -4.788000 38361
0 4.098528 4.941216 19.217536 38568
1 0.106720 -15.053472 -1.034208 38576
2 -8.771616 11.874240 -1.723680 38583
0 -0.995904 0.941216 19.535040 38789
1 0.106720 -15.053472 -1.034208 38796
2 -7.775712 11.874240 -1.723680 38803
0 -0.995904 -0.995904 15.934464 39009
1 -15.474816 -16.053472 -1.034208 39016
2 -19.535040 -2.949408 4.328352 39024
0 -0.421344 2.336544 9.307872 39231
1 -15.474816 -16.355808 -1.034208 39237
2 -12.410496 -10.763424 4.328352 39244
0 -0.804384 2.336544 9.307872 39451
1 -15.474816 -16.355808 -1.034208 39458
2 -12.946752 -10.763424 -8.733312 39465
0 -0.804384 -0.114912 3.307872 39673
1 -15.474816 -16.355808 -1.034208 39680
2 -12.946752 -5.400864 -5.592384 39687
0 -0.957600 -0.153216 0.179232 39894
1 -13.904352 0.644192 -1.493856 39900
2 -2.528064 19.535040 8.963136 39907
0 -0.153216 0.191520 -0.114912 40113
1 -13.904352 0.644192 -1.493856 40122
2 -19.075392 1.034208 -4.826304 40129
0 -0.153216 4.213440 14.808480 40335
1 -13.904352 1.723680 -3.830400 40343
2 -8.580096 4.826304 2.794752 40349
0 -0.229824 0.306432 0.934464 40555
1 12.065760 -7.276320 -3.830400 40562
2 -6.243552 4.136832 1.723680 40570
0 -2.030112 -1.570464 7.080704 40776
1 12.065760 -8.082144 0.957600 40783
2 -15.972768 -3.792096 -5.247648 40790
0 1.340640 -0.153216 1.120448 40996
1 9.231264 -8.273664 -2.949408 41003
2 -7.972768 -3.792096 -5.247648 41009
0 -0.689472 -0.153216 1.532160 41216
1 9.231264 -8.273664 1.378944 41224
2 -7.660800 2.911104 -1.247648 41230
0 0.574560 -1.110816 0.000000 41437
1 6.818112 -14.273664 1.378944 41443
2 -7.277760 -11.414592 -1.493856 41449
0 0.574560 -0.497952 18.041184 41656
1 -7.181888 -14.019264 0.536256 41662
2 -0.919296 6.741504 -2.902912 41669
0 -0.995904 -1.110816 0.919296 41876
1 -8.656704 4.711392 0.536256 41884
2 -13.866048 19.535040 9.384480 41890
0 -1.225728 -1.110816 0.421344 42097
1 -8.656704 4.711392 0.536256 42104
2 -13.827744 8.656704 1.384480 42111
0 0.995904 -1.608768 9.346176 42317
1 -8.656704 4.711392 0.536256 42325
2 -8.928928 -9.192960 -11.223072 42331
0 0.038304 8.695008 19.535040 42538
1 -8.656704 4.711392 -3.463744 42544
2 -8.618400 6.435072 2.719584 42551
0 -0.574560 -0.766080 0.804384 42757
1 -8.656704 4.711392 -3.463744 42764
2 5.630688 7.086240 -1.915200 42771
0 3.485664 -0.612864 4.136832 42977
1 -8.656704 4.711392 -3.463744 42984
2 -12.372192 -4.404960 -7.967232 42990
0 -0.344736 0.191520 3.447360 43416
1 -8.656704 4.711392 -3.463744 43425
2 -2.106720 19.535040 8.350272 43431
0 -3.332448 -1.034208 -0.497952 43637
1 -8.656704 4.711392 -3.463744 43644
2 -18.535040 2.259936 -1.800288 43651
0 -0.076608 4.098528 7.737408 43858
1 -8.656704 4.711392 -3.463744 43864
2 -11.912544 4.450016 -7.775712 43871
0 -0.114912 0.098528 15.206688 44077
1 -8.656704 4.711392 -3.463744 44084
2 -11.912544 5.132736 -1.761984 44090
0 2.740064 -1.532160 9.882432 44517
1 -8.656704 4.711392 -3.463744 44525
2 19.535040 5.132736 -1.761984 44531
0 3.255840 2.987712 19.882432 44738
1 11.223072 -8.426880 2.106720 44744
2 2.535040 19.535040 7.430976 44751
0 0.766080 0.536256 2.266912 44957
1 -16.968672 -19.535040 -14.893280 44963
2 2.030112 17.849664 1.430976 44970
0 0.766080 0.536256 2.872800 45177
1 -5.247648 15.589728 -2.704640 45183
2 -10.188864 0.076608 -3.830400 45190
0 -0.191520 -0.574560 2.872800 45396
1 -5.247648 15.589728 -2.106720 45403
2 -4.136832 7.086240 -3.830400 45410
0 -1.455552 0.727776 -0.038304 45616
1 0.536256 -16.279200 -2.106720 45624
2 -19.535040 -11.989152 -14.900256 45636
0 0.497952 0.727776 0.421344 45843
1 -13.866048 -9.920736 2.987712 45850
2 -19.535040 -1.570464 -6.741504 45857
0 0.497952 -0.689472 8.421344 46064
1 -13.866048 -9.920736 2.987712 46071
2 -15.053472 18.310528 -8.695008 46078
0 0.727776 -0.689472 8.503488 46285
1 -15.742944 -9.920736 -4.251744 46292
2 -15.053472 19.535040 5.592384 46298
0 -0.574560 -0.153216 1.800288 46505
1 -15.742944 -19.535040 0.689472 46512
2 -8.503488 1.608768 19.535040 46519
0 3.255840 2.374848 12.831840 46727
1 -5.822208 6.464960 0.689472 46733
2 -2.872800 5.132736 -2.796192 46739
0 -0.919296 2.374848 5.937120 46946
1 -5.822208 6.464960 0.689472 46952
2 -17.313408 17.351712 6.818112 46959
0 -1.800288 0.459648 0.191520 47165
1 -5.822208 7.086240 -5.400864 47172
2 -11.606112 7.469280 0.818112 47178
0 -1.800288 -0.114912 9.231264 47385
1 -7.316064 -5.132736 0.229824 47392
2 -12.295584 -2.336544 -3.693568 47398
0 2.681280 -0.114912 9.231264 47605
1 -2.413152 -12.908448 4.229824 47611
2 -3.295584 -2.336544 -4.902912 47618
0 2.681280 2.528064 18.041184 47827
1 5.017824 -9.231264 -0.288608 47834
2 -3.295584 -2.336544 -4.902912 47840
0 3.983616 2.528064 18.041184 48047
1 -6.741504 7.814016 -7.072512 48054
2 -3.562272 1.685376 -1.902912 48061
0 -0.957600 3.255840 19.535040 48267
1 -10.112256 -19.535040 1.990368 48274
2 -6.549984 -12.065760 -7.277760 48281
0 3.485664 0.383040 1.570464 48488
1 9.805824 -19.535040 2.604672 48494
2 -10.073952 19.535040 7.699104 48501
0 3.485664 -2.413152 19.535040 48708
1 9.805824 -19.535040 2.604672 48714
2 -11.759328 -5.331008 -0.574560 48722
0 -0.689472 0.383040 0.191520 48929
1 9.805824 -19.535040 2.604672 48935
2 -4.519872 3.907008 -5.056128 48942
0 1.034208 3.983616 13.253184 49148
1 9.805824 -6.511680 0.604672 49154
2 -3.447360 19.535040 9.920736 49161
0 1.034208 1.417248 1.417248 49367
1 9.805824 -6.511680 0.604672 49375
2 -14.402304 9.461088 -2.298240 49381
0 0.306432 0.612864 1.876896 49588
1 9.805824 -6.511680 0.604672 49595
2 -6.473376 -9.384480 -7.545888 49601
0 0.094432 6.818112 19.535040 49808
1 9.805824 -6.511680 0.604672 49815
2 -3.562272 18.156096 2.068416 49822
0 -1.344736 -0.114912 -0.612864 50029
1 9.805824 -6.511680 0.604672 50035
2 7.660800 12.908448 8.656704 50042
0 2.183328 0.651168 2.987712 50689
1 9.805824 -6.511680 0.604672 50695
2 -16.240896 9.767520 6.281856 50701
0 -0.919296 0.383040 -0.306432 50908
1 9.805824 -6.511680 0.604672 50914
2 -10.227168 -12.065760 -4.366656 50921
0 -0.919296 0.727776 -0.306432 51128
1 9.805824 -6.511680 0.604672 51134
2 -3.255840 5.668992 -5.362560 51141
0 -0.919296 0.727776 0.114912 51347
1 9.805824 -6.511680 0.604672 51355
2 -12.180672 5.668992 -1.761984 51361
0 -2.145024 0.727776 0.114912 51568
1 9.805824 -6.511680 0.604672 51576
2 -19.535040 -2.678400 4.902912 51583
0 -5.707296 2.796192 9.039744 51790
1 9.805824 -6.511680 0.604672 51796
2 -4.535040 -3.370752 -5.975424 51803
0 2.292704 5.324256 19.458432 52009
1 9.805824 -6.511680 0.604672 52016
2 -4.366656 -3.370752 -5.975424 52022
0 3.792096 5.324256 19.458432 52229
1 9.805824 -6.511680 0.604672 52235
2 -4.366656 5.630688 -5.975424 52241
0 3.792096 -1.264032 19.458432 52448
1 9.805824 -6.511680 0.604672 52454
2 -12.366656 5.630688 -1.647072 52461
0 1.876896 -1.264032 5.171040 52667
1 9.805824 -6.511680 0.604672 52675
2 -12.831840 -4.673088 -1.647072 52681
0 1.876896 3.409056 19.171040 52889
1 9.805824 -6.511680 0.604672 52895
2 -12.831840 -4.673088 -1.876896 52902
0 6.856416 3.409056 19.535040 53109
1 9.805824 -6.511680 0.604672 53116
2 -12.831840 -4.673088 -1.876896 53124
0 6.856416 -0.651168 19.535040 53330
1 9.805824 -6.511680 0.604672 53337
2 -12.831840 -4.673088 -1.876896 53343
0 6.856416 -0.651168 19.535040 53550
1 9.805824 -6.511680 0.604672 53557
2 -16.831840 -4.673088 -1.876896 53563
0 6.856416 -0.651168 19.535040 53770
1 9.805824 -6.511680 0.604672 53778
2 -16.831840 -4.673088 -1.876896 53784
0 6.856416 -0.651168 19.535040 53991
1 9.805824 -6.511680 0.604672 53998
2 -16.777152 -4.673088 -1.876896 54004
0 0.957600 0.651168 7.535040 54211
1 9.805824 -6.511680 0.604672 54218
2 -16.777152 14.326912 -1.876896 54224
0 0.957600 0.651168 7.277760 54431
1 9.805824 -6.511680 0.604672 54438
2 -16.777152 14.326912 -1.876896 54444
0 0.957600 0.651168 7.277760 54651
1 9.805824 -6.511680 0.604672 54657
2 -1.570464 18.857856 -5.477472 54663
0 -0.421344 1.072512 7.277760 54871
1 9.805824 -6.511680 0.604672 54879
2 -10.570464 18.730656 8.082144 54885
0 -0.421344 1.072512 5.277760 55092
1 9.805824 -6.511680 0.604672 55100
2 -10.954944 9.231264 3.677184 55106
0 8.695008 1.072512 5.094432 55313
1 9.805824 -6.511680 0.604672 55320
2 -19.535040 -4.481568 -8.465184 55326
0 0.076608 1.953504 19.535040 55533
1 9.805824 -6.511680 0.604672 55540
2 -4.328352 7.430976 -2.336544 55546
0 0.076608 0.953504 19.535040 55753
1 9.805824 -6.511680 0.604672 55759
2 -12.065760 6.588288 -19.535040 55765
0 -1.723680 -1.306432 -0.038304 55973
1 9.805824 -6.511680 0.604672 55980
2 -7.124544 -12.295584 -3.523968 55986
0 -1.723680 -1.915200 8.043840 56193
1 9.805824 -6.511680 0.604672 56200
2 -5.094432 6.664896 -2.298240 56206
0 3.830400 4.251744 18.577440 56413
1 9.805824 -6.511680 0.604672 56419
2 -13.444704 8.809920 6.588288 56427
0 1.876896 3.945312 19.535040 56633
1 9.805824 -6.511680 0.604672 56640
2 -18.960480 -4.749696 -9.387136 56646
0 -2.106720 4.941216 0.459648 57073
1 9.805824 -6.511680 0.604672 57080
2 -10.418688 1.455552 -1.647072 57086
0 -0.804384 4.941216 17.198496 57293
1 9.805824 -6.511680 0.604672 57300
2 -1.723680 19.535040 8.388576 57306
0 -0.804384 0.804384 16.815456 57513
1 9.805824 -6.511680 0.604672 57519
2 -9.269568 -8.771616 -8.963136 57526
0 1.455552 7.545888 19.535040 57733
1 9.805824 -6.511680 0.604672 57739
2 -4.596480 2.259936 -2.030112 57745
0 2.183328 1.072512 19.535040 57952
1 9.805824 -6.511680 0.604672 57959
2 -14.616960 1.493856 -5.898816 57965
0 0.153216 0.536256 19.535040 58174
1 9.805824 -6.511680 0.604672 58181
2 -8.465184 -11.797632 0.766080 58187
0 -0.038304 0.536256 1.915200 58394
1 -18.041184 -19.535040 0.604672 58400
2 -7.852320 -11.797632 -8.043840 58407
0 -0.038304 2.566368 7.545888 58614
1 8.924832 -19.535040 0.344736 58622
2 -7.852320 4.788000 1.187424 58630
0 1.723680 -0.766080 19.228608 58836
1 8.924832 -19.535040 0.344736 58843
2 -9.840032 -9.997344 -5.171040 58850
0 -0.153216 0.038304 -0.076608 59056
1 8.924832 -4.251744 1.685376 59063
2 -5.209344 -10.418688 -8.503488 59069
0 0.191520 0.421344 2.642976 59277
1 12.831840 -1.723680 2.221632 59283
2 -5.209344 -10.418688 -8.503488 59290
0 -0.344736 0.421344 2.642976 59497
1 12.831840 -1.723680 2.221632 59504
2 -10.533600 -3.484224 -1.876896 59510
0 0.612864 2.195616 10.380384 59717
1 -16.087680 -19.723680 2.221632 59724
2 -4.673088 4.135392 -6.894720 59731
0 0.268128 0.102624 7.277760 59937
1 -16.087680 -19.535040 -3.102624 59943
2 -17.160192 -0.344736 -1.072512 59950
0 8.963136 0.846784 -0.114912 60157
1 -4.941216 -19.535040 -3.102624 60164
2 -19.266912 6.243552 2.374848 60171
0 0.114912 2.953504 15.742944 60378
1 -4.941216 -19.535040 -3.102624 60385
2 -8.311968 -5.898816 2.374848 60392
0 -0.957600 0.030112 4.634784 60598
1 7.775712 -7.354368 -5.362560 60605
2 -8.311968 -5.898816 2.374848 60611
0 2.042400 0.306432 2.451456 60818
1 7.775712 -7.354368 -5.362560 60825
2 -7.967232 3.101184 -3.026016 60832
0 3.868704 -1.302336 19.535040 61038
1 7.775712 -7.354368 -5.362560 61045
2 -7.967232 4.864608 -8.026016 61051
0 3.600576 2.911104 19.535040 61257
1 -11.376288 -19.535040 -10.000000 61265
2 -7.967232 4.864608 -8.026016 61273
0 0.000000 0.995904 14.708736 61479
1 -11.376288 -19.535040 -10.000000 61486
2 -19.227168 -0.651168 -1.570464 61493
0 -0.038304 0.995904 1.761984 61700
1 8.541792 -19.535040 -10.571904 61706
2 -13.712832 1.761984 -5.017824 61713
0 -0.038304 -0.344736 0.268128 61920
1 10.303776 -4.864608 -1.647072 61927
2 -13.712832 -3.409056 -6.320160 61934
0 0.344736 2.183328 3.268128 62141
1 10.303776 -5.132736 -0.647072 62147
2 -13.712832 -3.409056 -6.320160 62154
0 1.838592 -2.030112 19.600576 62360
1 10.303776 -5.132736 -0.647072 62368
2 -4.902912 -1.991808 7.584192 62376
0 -0.612864 -0.459648 0.535040 62582
1 -7.392672 -19.535040 -0.076608 62588
2 -2.374848 6.741504 -1.435072 62595
0 0.268128 -0.459648 -0.229824 62802
1 -7.392672 -19.535040 -0.076608 62808
2 -4.136832 19.535040 6.735968 62815
0 -0.344736 0.421344 1.532160 63023
1 11.299680 -3.983616 -0.651168 63029
2 -12.831840 8.924832 0.536256 63036
0 1.493856 0.038304 18.960480 63242
1 -3.700320 -3.983616 0.421344 63249
2 -10.150560 -4.864608 -6.549984 63255
0 -1.953504 3.923392 0.459648 63462
1 -3.700320 -3.983616 0.421344 63470
2 -15.398208 19.535040 9.346176 63478
0 -0.229824 0.290048 11.989152 63685
1 -4.443264 9.652608 0.421344 63693
2 3.485664 11.606112 -10.456992 63699
0 -3.447360 1.689472 -0.995904 63906
1 -15.443264 9.652608 -4.519872 63913
2 -17.351712 -4.979520 -10.456992 63920
0 -2.447360 1.723680 -0.459648 64127
1 -15.781248 -19.535040 -3.519872 64133
2 -3.294144 2.987712 -2.745600 64140
0 -5.221632 4.021920 17.849664 64347
1 9.614304 -19.535040 -3.370752 64354
2 -11.606112 19.535040 5.209344 64360
0 -5.132736 -1.417248 19.849664 64567
1 9.614304 -3.983616 -0.370752 64576
2 -7.201152 6.205248 0.459648 64582
0 -2.804384 0.651168 0.038304 64789
1 -8.158752 -3.983616 -0.689472 64796
2 -5.630688 -0.588288 -6.626592 64803
0 0.740064 5.056128 16.547328 65010
1 -8.158752 0.880992 -2.489760 65017
2 -19.535040 10.153216 -1.800288 65024
0 -0.582752 -1.532160 19.535040 65230
1 -8.158752 0.880992 -2.489760 65237
2 -16.470720 -7.814016 -9.767520 65244
0 -1.876896 0.191520 2.535040 65450
1 0.000000 -18.119008 -2.489760 65457
2 -13.789440 -6.588288 -9.767520 65464
0 -3.612864 1.149120 -0.804384 65672
1 0.000000 -19.535040 0.114912 65679
2 -5.285952 4.021920 -0.822208 65685
0 -3.370752 0.536256 -0.804384 65892
1 13.368096 -2.911104 0.957600 65898
2 -5.285952 4.021920 -0.822208 65905
0 -2.106720 0.536256 0.727776 66111
1 13.368096 -2.911104 0.957600 66118
2 -17.351712 4.749696 -4.021920 66126
0 -6.106720 1.915200 -0.306432 66332
1 -3.830400 5.592384 -1.302336 66339
2 -2.374848 8.733312 -4.021920 66345
0 -6.971328 4.290048 15.693568 66552
1 5.017824 -10.112256 1.570464 66558
2 -2.374848 8.733312 -4.021920 66565
0 -6.971328 4.290048 16.011072 66773
1 -16.202592 -19.535040 -6.894720 66780
2 -2.374848 8.733312 -1.800288 66786
0 -8.886528 -0.497952 16.011072 66993
1 -18.998784 -19.535040 -6.894720 67000
2 -2.719584 19.733312 -1.800288 67007
0 -0.421344 -0.497952 18.577440 67213
1 -18.998784 -19.535040 -4.060224 67220
2 -19.719584 19.535040 8.197056 67227
0 -0.421344 0.076608 0.577440 67434
1 11.759328 -1.535040 -4.060224 67441
2 -19.228608 19.535040 6.818112 67447
0 0.153216 0.076608 -0.421344 67654
1 11.759328 -1.535040 -4.060224 67661
2 -19.535040 0.842688 1.818112 67668
0 -0.153216 0.804384 0.153216 67875
1 11.759328 -1.535040 -4.060224 67881
2 -8.120448 8.197056 1.417248 67888
0 -0.153216 0.651168 0.153216 68094
1 11.759328 -1.535040 -4.060224 68101
2 -8.120448 8.197056 1.417248 68107
0 -0.153216 0.651168 2.719584 68314
1 11.759328 -1.535040 -4.060224 68321
2 -8.120448 8.197056 -5.668992 68329
0 -0.038304 0.651168 2.719584 68535
1 11.759328 -1.535040 -4.060224 68541
2 -8.120448 8.197056 -5.668992 68548
0 -0.038304 -2.348832 2.719584 68754
1 11.759328 -1.535040 -4.060224 68761
2 -8.120448 8.197056 -5.668992 68768
0 -0.038304 -2.348832 2.719584 68974
1 11.759328 -1.535040 -4.060224 68981
2 -8.120448 8.197056 -5.668992 68988
0 -0.038304 -3.485664 2.719584 69194
1 11.759328 -1.535040 -4.060224 69202
2 9.879552 8.197056 -5.668992 69208
0 -0.038304 -3.485664 2.719584 69414
1 11.759328 -1.535040 -4.060224 69422
2 10.763424 12.640320 3.331008 69428
0 4.213440 -3.485664 15.628032 69635
1 11.759328 -1.535040 -4.060224 69641
2 -7.124544 12.640320 4.021920 69648
0 4.213440 1.072512 18.628032 69854
1 11.759328 -1.535040 -4.060224 69861
2 -7.124544 17.160192 -7.430976 69867
0 4.213440 1.072512 18.628032 70074
1 11.759328 -1.535040 -4.060224 70082
2 -4.098528 1.455552 -2.796192 70094
0 0.459648 1.072512 18.960480 70300
1 11.759328 -1.535040 -4.060224 70307
2 -11.682720 1.455552 -2.796192 70314
0 0.459648 1.072512 18.960480 70521
1 11.759328 -1.535040 -4.060224 70528
2 -11.682720 19.535040 6.203808 70535
0 0.191520 3.370752 19.535040 70741
1 11.759328 -1.535040 -4.060224 70748
2 -9.537696 4.002656 -6.128640 70754
0 0.191520 4.864608 19.535040 70961
1 -19.535040 -19.535040 -9.805824 70967
2 -9.537696 5.132736 0.727776 70974
0 1.225728 4.864608 16.738848 71180
1 -16.700544 -19.458432 -4.902912 71187
2 -19.535040 4.060224 0.766080 71194
0 1.225728 1.876896 5.056128 71400
1 -16.700544 -19.458432 -4.902912 71406
2 -10.533600 -2.413152 0.766080 71413
0 -0.842688 2.796192 19.535040 71621
1 -16.700544 -19.458432 -4.902912 71630
2 -2.183328 19.535040 -0.268128 71638
0 -3.026016 0.153216 -0.497952 71844
1 -16.700544 -19.458432 -4.902912 71851
2 -18.615744 7.814016 9.384480 71858
0 -3.026016 -1.264032 7.009632 72064
1 -14.861952 -2.451456 -3.945312 72072
2 -14.708736 7.814016 0.421344 72079
0 -5.707296 4.213440 19.535040 72285
1 -14.861952 -2.451456 -3.945312 72292
2 -12.640320 -3.447360 -4.366656 72299
0 -0.957600 0.306432 2.413152 72506
1 -14.861952 -2.451456 -3.945312 72512
2 0.574560 12.589728 5.707296 72519
0 -0.919296 0.651168 19.535040 72726
1 -17.045280 -6.358464 -3.945312 72733
2 -5.209344 -8.465184 -6.626592 72740
0 -0.919296 0.957600 1.072512 72946
1 -17.045280 -6.358464 -3.945312 72953
2 -19.535040 -0.344736 -8.580096 72960
0 -2.145024 2.681280 5.072512 73167
1 -15.436512 -19.535040 -3.562272 73174
2 -14.900256 19.535040 -8.580096 73180
0 1.685376 -1.761984 19.860512 73387
1 -15.436512 -19.535040 0.191520 73395
2 -19.535040 -0.804384 7.273664 73402
0 -0.957600 0.766080 0.535040 73608
1 -16.317504 -19.535040 -3.102624 73615
2 -19.535040 -0.804384 7.622496 73625
0 -1.034208 4.404960 12.616960 73832
1 -1.493856 -15.535040 -3.102624 73839
2 -17.452896 -2.987712 -6.779808 73847
0 -0.306432 0.114912 0.138272 74054
1 -1.493856 -15.091776 2.911104 74061
2 -15.428320 9.805824 -19.535040 74067
0 -2.374848 -1.378944 7.387136 74274
1 -1.493856 -15.091776 2.911104 74281
2 -18.692352 -2.921952 0.268128 74287
0 0.995904 7.239456 8.158752 74494
1 -7.124544 -3.091776 2.911104 74500
2 -17.692352 -3.409056 -8.541792 74506
0 -0.880992 7.239456 19.535040 74713
1 -7.124544 -3.091776 2.911104 74722
2 17.878112 12.104064 5.554080 74729
0 -1.761984 0.502048 -0.114912 74935
1 -7.124544 -3.091776 2.911104 74942
2 -8.767296 18.539136 17.849664 74949
0 -0.612864 1.034208 -0.957600 75155
1 2.875456 -3.179232 -1.876896 75162
2 -15.015168 9.767520 -5.362560 75169
0 0.497952 1.532160 19.535040 75375
1 2.875456 -3.179232 -1.876896 75382
2 -0.536256 19.535040 2.995904 75388
0 0.497952 1.608768 0.535040 75595
1 2.875456 -3.179232 -1.876896 75601
2 -19.535040 -0.995904 2.987712 75607
0 1.548544 -0.038304 6.741504 75814
1 2.875456 -3.179232 -1.876896 75821
2 -7.545888 3.983616 2.872800 75828
0 1.616960 0.114912 2.566368 76254
1 2.875456 -3.179232 -1.876896 76260
2 -7.047936 5.247648 8.924832 76266
0 2.911104 3.294144 19.535040 76473
1 2.875456 -3.179232 -1.876896 76479
2 -7.201152 -0.421344 8.924832 76486
0 2.911104 3.294144 13.866048 76693
1 2.875456 -3.179232 -1.876896 76700
2 -4.213440 6.435072 -2.145024 76706
0 0.880992 2.681280 12.866048 76913
1 2.875456 -3.179232 -1.876896 76919
2 -19.535040 19.535040 -7.009632 76926
0 8.886528 2.681280 12.640320 77133
1 2.875456 -3.179232 -1.876896 77139
2 -14.747040 -4.788000 -7.354368 77145
0 8.886528 0.651168 19.640320 77352
1 2.875456 -3.179232 -1.876896 77359
2 -5.554080 2.036864 -5.285952 77365
0 0.421344 4.213440 14.535040 77573
1 2.875456 -3.179232 -1.876896 77580
2 -5.017824 19.535040 7.009632 77586
0 3.332448 0.497952 19.823648 77792
1 2.875456 -3.179232 -1.876896 77799
2 -19.535040 3.026016 7.009632 77805
0 -0.268128 1.264032 0.535040 78012
1 2.875456 -3.179232 -1.876896 78019
2 -12.716928 -5.783904 -5.171040 78025
0 -2.221632 5.056128 -0.344736 78232
1 2.875456 -3.179232 -1.876896 78239
2 -6.243552 3.332448 -2.183328 78246
0 -2.221632 5.056128 16.470720 78452
1 2.875456 -3.179232 -1.876896 78460
2 -9.882432 5.285952 -9.690912 78466
0 7.009632 -0.536256 19.266912 78674
1 2.875456 -3.179232 -1.876896 78681
2 -9.844128 -5.707296 -8.846784 78687
0 0.459648 4.941216 13.483008 78894
1 2.875456 -3.179232 -1.876896 78901
2 -6.396768 3.677184 -1.723680 78907
0 0.842688 4.941216 13.483008 79114
1 2.875456 -3.179232 -1.876896 79122
2 -14.068416 19.535040 10.150560 79128
0 0.842688 0.459648 -0.612864 79335
1 2.875456 -3.179232 -1.876896 79342
2 -14.747040 15.359904 -2.849440 79348
0 -0.348832 0.306432 -0.306432 79555
1 2.875456 -3.179232 -1.876896 79563
2 -9.797632 -2.642976 -5.592384 79571
0 0.344736 0.519872 15.551424 79778
1 2.875456 -3.179232 -1.876896 79785
2 -7.699104 16.240896 7.814016 79791
0 -1.655264 0.919296 -1.532160 79998
1 2.875456 -3.179232 -1.876896 80005
2 -12.602016 7.967232 2.796192 80011
0 -0.106720 -1.685376 10.188864 80218
1 2.875456 -3.179232 -1.876896 80225
2 -2.904352 -4.634784 -5.554080 80232
0 -0.306432 4.941216 19.188864 80438
1 2.875456 -3.179232 -1.876896 80445
2 -2.528064 19.933024 -1.800288 80452
0 0.995904 -0.191520 0.535040 80658
1 2.875456 -3.179232 -1.876896 80665
2 -14.938560 8.809920 0.995904 80673
0 0.459648 -0.114912 1.268128 80879
1 2.875456 -3.179232 -1.876896 80886
2 -13.712832 -1.190080 0.995904 80893
0 0.919296 0.885088 1.264032 81099
1 2.875456 -3.179232 -1.876896 81105
2 -6.166944 7.507584 0.995904 81112
0 4.634784 0.953504 18.615744 81318
1 2.875456 -3.179232 -1.876896 81325
2 -5.822208 4.826304 -19.535040 81331
0 0.634784 0.153216 15.474816 81538
1 2.875456 -3.179232 -1.876896 81545
2 -19.535040 4.021920 -0.535040 81551
0 -0.421344 0.114912 15.474816 81758
1 2.875456 -3.179232 -1.876896 81766
2 -19.535040 4.021920 -0.535040 81773
0 -0.114912 0.114912 3.600576 81980
1 2.875456 -3.179232 -1.876896 81987
2 -4.941216 6.021920 0.153216 81993
0 -0.114912 -0.229824 0.600576 82199
1 2.875456 -3.179232 -1.876896 82207
2 -4.941216 6.779808 0.153216 82213
0 -0.842688 -1.493856 0.421344 82420
1 2.875456 -3.179232 -1.876896 82427
2 -14.249088 -4.175136 -5.183328 82434
0 -1.842688 -1.493856 9.154656 82641
1 2.875456 -3.179232 -1.876896 82647
2 -14.249088 -4.175136 -5.183328 82654
0 -1.187424 1.532160 2.154656 82860
1 2.875456 -3.179232 -1.876896 82868
2 -14.249088 -4.175136 -5.183328 82875
0 -0.651168 -1.723680 15.704640 83082
1 2.875456 -3.179232 -1.876896 83089
2 -16.432416 8.824864 -5.937120 83096
0 8.043840 4.366656 15.704640 83302
1 2.875456 -3.179232 -1.876896 83309
2 -16.432416 8.824864 -5.937120 83315
0 8.043840 4.366656 19.037088 83523
1 2.875456 -3.179232 -1.876896 83529
2 -14.249088 11.192960 2.298240 83535
0 8.043840 8.366656 19.037088 83742
1 2.875456 -3.179232 -1.876896 83749
2 -14.249088 11.261376 2.298240 83755
0 8.043840 8.120448 13.866048 83962
1 2.875456 -3.179232 -1.876896 83968
2 -14.249088 11.261376 -8.701760 83975
0 3.907008 8.120448 13.866048 84182
1 2.875456 -3.179232 -1.876896 84189
2 -14.249088 11.261376 -8.701760 84195
0 3.907008 2.642976 17.313408 84402
1 2.875456 -3.179232 -1.876896 84408
2 -14.249088 11.261376 -8.701760 84415
0 0.191520 0.642976 17.313408 84623
1 2.875456 -3.179232 -1.876896 84830
2 -14.249088 11.261376 -8.701760 84836
0 -0.459648 4.136832 1.800288 85043
1 2.875456 -3.179232 -1.876896 85049
2 -14.249088 11.261376 -8.701760 85056
0 -1.034208 1.136832 9.920736 85262
1 2.875456 -3.179232 -1.876896 85270
2 -9.767520 -9.422784 -9.422784 85277
0 7.354368 1.608768 1.417248 85484
1 2.875456 -3.179232 -1.876896 85491
2 -5.017824 8.235360 -0.191520 85497
0 7.354368 5.554080 19.535040 85704
1 2.875456 -3.179232 -1.876896 85711
2 -15.017824 8.235360 -1.302336 85717
[ATTRIBUTE] handle 17
0 1.800288 -2.987712 19.535040 85927
1 2.875456 -3.179232 -1.876896 85933
2 -15.359904 17.083584 -15.091776 85939
0 1.800288 -0.536256 17.083584 86147
1 2.875456 -3.179232 -1.876896 86153
2 -14.402304 -2.259936 -7.239456 86160
0 -0.995904 0.000000 -0.383040 86366
1 2.875456 -3.179232 -1.876896 86374
2 -19.535040 15.283296 19.535040 86381
0 -2.106720 -2.068416 1.110816 86588
1 2.875456 -3.179232 -1.876896 86594
2 -19.535040 2.183328 19.535040 86601
0 3.255840 4.136832 8.924832 86808
1 2.875456 -3.179232 -1.876896 86815
2 -19.420128 6.281856 -5.209344 86821
0 -1.455552 4.136832 5.209344 87028
1 2.875456 -3.179232 -1.876896 87034
2 -11.606112 19.535040 6.549984 87041
0 -0.038304 0.114912 0.957600 87247
1 -13.444704 -11.179232 -1.876896 87254
2 -5.898816 15.168384 6.549984 87261
0 -0.038304 -0.038304 4.902912 87467
1 -13.444704 -11.179232 -1.876896 87475
2 -3.945312 -3.255840 -5.132736 87482
0 -0.306432 2.949408 4.021920 87689
1 -13.444704 -11.912544 -2.183328 87695
2 1.225728 19.336544 -0.038304 87702
0 -1.915200 -0.038304 0.421344 87909
1 11.529504 -4.912544 -2.183328 87915
2 -19.535040 19.535040 -8.733312 87922
0 0.268128 -1.800288 7.392672 88129
1 11.529504 -4.060224 0.497952 88135
2 -19.535040 -3.285952 -8.771616 88142
0 0.268128 1.761984 12.755232 88349
1 11.529504 -4.060224 0.497952 88355
2 -19.535040 -3.217536 -8.771616 88361
0 -0.114912 -0.842688 0.344736 88568
1 2.949408 -11.223072 1.876896 88576
2 -7.699104 7.545888 2.381600 88582
0 -0.536256 -0.421344 17.849664 88789
1 -15.551424 -19.223072 1.876896 88796
2 -17.696448 -3.715488 -4.290048 88803
0 -0.536256 2.145024 8.311968 89010
1 -15.551424 -19.535040 -4.481568 89016
2 -2.949408 2.183328 -1.493856 89024
0 -0.727776 0.191520 0.191520 89231
1 4.979520 -6.535040 -4.481568 89237
2 -0.114912 19.535040 5.132736 89244
0 -4.404960 2.681280 19.191520 89450
1 4.979520 -6.588288 2.068416 89457
2 -19.535040 -0.383040 3.830400 89463
0 -1.651168 0.689472 -1.225728 89671
1 4.979520 -6.588288 2.068416 89677
2 -9.116352 4.481568 -7.967232 89684
0 -1.647072 1.689472 -1.225728 89890
1 4.979520 -6.588288 2.068416 89897
2 0.344736 19.535040 -0.967232 89903
0 -0.536256 1.072512 3.026016 90110
1 -15.053472 -14.632128 -3.562272 90117
2 -19.535040 -1.761984 0.344736 90124
0 6.626592 -0.880992 9.154656 90331
1 -15.053472 -14.632128 -3.562272 90337
2 -19.496736 -9.690912 2.145024 90344
0 6.626592 4.673088 19.535040 90551
1 -5.017824 4.290048 -3.562272 90557
2 -5.362560 6.588288 -13.150560 90564
0 -0.038304 -1.187424 -0.766080 90772
1 -5.017824 4.290048 -3.562272 90779
2 -3.600576 -0.464960 3.179232 90785
0 -0.383040 0.459648 0.306432 90992
1 -5.017824 4.290048 -3.562272 90998
2 -16.164288 0.306432 -2.796192 91004
0 4.558176 7.737408 0.306432 91211
1 -5.017824 4.290048 -3.562272 91218
2 -1.991808 8.306432 -9.461088 91225
0 0.842688 0.536256 14.861952 91653
1 -5.017824 4.290048 -3.562272 91867
2 -15.053472 19.535040 -2.451456 91877
0 0.191520 3.600576 17.581536 92083
1 -5.017824 4.290048 -3.562272 92091
2 -1.149120 9.690912 5.362560 92097
0 0.191520 -0.153216 -0.038304 92303
1 -5.017824 4.290048 -3.562272 92310
2 -19.535040 -7.622496 -11.529504 92317
0 -0.842688 0.076608 -0.497952 92524
1 -5.017824 4.290048 -3.562272 92530
2 -18.424224 3.753792 -5.529504 92537
0 -0.344736 1.608768 2.834496 92743
1 -5.017824 4.290048 -3.562272 92750
2 -13.597920 10.801728 1.101184 92756
0 12.295584 1.302336 2.834496 92963
1 -5.017824 4.290048 -3.562272 92970
2 -12.257280 -2.629248 -3.332448 92977
0 0.344736 -0.153216 -0.536256 93184
1 -5.017824 4.290048 -3.562272 93192
2 -5.362560 5.515776 -5.630688 93199
0 1.378944 3.846784 -0.536256 93405
1 -5.017824 4.290048 -3.562272 93412
2 -14.632128 19.152000 3.502048 93419
0 1.761984 -0.097088 17.696448 93625
1 -5.017824 -18.156096 -1.562272 93635
2 -19.535040 7.660800 19.535040 93642
0 0.761984 -1.187424 4.634784 93848
1 -5.017824 -18.156096 -1.493856 93855
2 -17.045280 -8.273664 19.535040 93861
0 0.919296 0.153216 0.038304 94068
1 -7.737408 5.843904 -1.493856 94076
2 -16.125984 19.860512 -1.034208 94083
0 2.374848 0.766080 3.562272 94289
1 -7.737408 6.205248 -4.519872 94296
2 -18.462528 8.082144 7.967232 94302
0 2.374848 0.995904 3.562272 94509
1 -7.737408 6.205248 -4.519872 94515
2 -5.017824 -7.316064 -7.042400 94523
0 0.268128 0.995904 4.673088 94729
1 -7.277760 -4.136832 -4.519872 94737
2 -3.332448 7.507584 -2.656704 94743
0 -5.132736 0.421344 -0.114912 94950
1 9.722240 -4.136832 -1.991808 94956
2 -4.366656 19.535040 7.775712 94963
0 -5.132736 0.306432 19.535040 95169
1 -4.175136 -0.766080 0.344736 95178
2 -1.647072 6.511680 -1.876896 95184
0 0.000000 0.421344 1.149120 95391
1 -4.175136 -0.766080 0.344736 95397
2 -5.783904 0.995904 -1.876896 95404
0 -1.340640 4.136832 10.149120 95610
1 7.824864 6.626592 -2.259936 95617
2 -14.783904 0.995904 -1.340640 95624
0 0.497952 4.136832 10.303776 95833
1 8.618400 -0.373408 -2.259936 95840
2 -14.785344 19.535040 6.703200 95846
0 0.497952 -0.957600 2.106720 96053
1 -5.554080 8.311968 1.149120 96060
2 -10.785344 19.535040 6.703200 96066
0 0.306432 4.404960 16.106720 96274
1 -5.554080 8.311968 1.149120 96280
2 -10.785344 19.535040 6.703200 96286
0 0.306432 4.404960 16.106720 96493
1 -5.554080 8.311968 1.149120 96499
2 -10.380384 -6.464960 6.703200 96505
0 0.306432 4.404960 16.738848 96712
1 -3.677184 -18.500832 -2.183328 96719
2 -10.380384 -6.464960 6.703200 96726
0 0.536256 0.114912 16.738848 96932
1 -3.677184 -18.500832 1.493856 96939
2 -10.380384 -6.464960 6.703200 96945
0 0.536256 0.114912 0.738848 97152
1 -3.677184 -18.500832 1.493856 97158
2 -10.380384 -6.464960 6.703200 97165
0 0.536256 0.114912 -0.689472 97373
1 -3.677184 -18.500832 1.493856 97380
2 -10.380384 -6.464960 6.703200 97387
0 -0.497952 0.459648 1.310528 97594
1 -3.677184 -18.500832 1.493856 97600
2 -10.380384 -6.464960 6.703200 97606
0 0.502048 0.459648 2.336544 97813
1 -3.677184 -18.500832 1.493856 97821
2 -10.380384 -6.464960 6.703200 97829
0 1.110816 0.459648 2.336544 98036
1 -3.677184 -18.500832 1.493856 98042
2 -10.380384 -6.464960 6.703200 98048
0 1.110816 2.030112 2.336544 98255
1 -14.593824 -19.535040 1.493856 98261
2 -10.380384 -6.464960 6.703200 98268
0 1.110816 2.030112 13.336544 98475
1 -14.593824 -19.535040 1.493856 98482
2 -10.380384 -6.464960 6.703200 98489
0 1.110816 2.030112 13.023360 98696
1 -14.593824 -19.535040 1.493856 98702
2 -10.380384 -6.464960 6.703200 98709
0 0.110816 2.030112 13.023360 98916
1 16.738848 -12.535040 1.149120 98922
2 -10.380384 -7.201152 -4.296800 98929
0 0.919296 5.030112 13.023360 99135
1 14.210784 -12.946752 3.332448 99142
2 -10.380384 -7.201152 -4.296800 99148
0 0.919296 5.030112 13.023360 99355
1 14.210784 -2.566368 -0.651168 99362
2 -10.380384 -7.201152 -4.296800 99368
0 0.919296 5.094432 13.023360 99576
1 -8.311968 -0.566368 -0.651168 99583
2 -13.904352 7.798848 -5.400864 99590
0 -0.459648 5.094432 13.138272 99797
1 -8.311968 0.344736 -2.651168 99803
2 -13.904352 8.695008 1.599136 99810
0 -0.459648 0.076608 0.138272 100016
1 -19.535040 -14.785344 -3.987712 100023
2 -4.711392 4.695008 2.489760 100030
0 -0.459648 0.076608 0.138272 100237
1 -10.648512 -8.924832 -2.298240 100243
2 -19.535040 4.290048 -2.030112 100250
0 -0.459648 0.076608 -0.076608 100457
1 -10.648512 -8.924832 -2.298240 100465
2 -1.072512 3.792096 -3.638880 100473
0 -4.788000 3.076608 -0.076608 100680
1 -13.636224 -2.528064 -3.447360 100686
2 -3.072512 6.818112 -2.566368 100693
0 -2.374848 3.294144 19.535040 100900
1 5.822208 -9.576000 -1.225728 100907
2 -3.370752 9.652608 -2.566368 100914
0 -2.374848 -1.493856 16.777152 101120
1 -9.882432 4.213440 -4.481568 101128
2 -3.102624 -6.396768 0.995904 101135
0 -2.259936 3.945312 16.777152 101341
1 -9.882432 4.213440 -4.481568 101348
2 -4.864608 3.638880 -1.652608 101355
0 0.076608 -1.225728 8.618400 101561
1 7.239456 -6.786560 -4.481568 101568
2 -17.198496 -6.733088 -2.757888 101576
0 -2.106720 -0.421344 4.443264 101783
1 7.239456 -7.239456 2.528064 101790
2 -17.121888 -7.584192 -7.354368 101796
0 5.362560 6.473376 4.443264 102003
1 7.239456 -7.239456 2.528064 102009
2 -17.121888 -3.179232 -7.584192 102016
0 -0.574560 0.689472 19.535040 102225
1 -18.960480 -19.535040 2.528064 102232
2 -4.098528 5.470720 6.320160 102239
0 -1.608768 -1.915200 -1.149120 102446
1 1.039520 -19.535040 -3.715488 102453
2 -14.402304 -5.439168 1.034208 102460
0 -2.757888 5.439168 9.039744 102666
1 2.566368 -17.926272 -1.608768 102674
2 -17.543232 -5.017824 -7.354368 102681
0 -0.153216 -0.344736 19.535040 102888
1 2.566368 -17.926272 -1.608768 102896
2 3.857632 4.596480 3.332448 102902
0 -0.344736 -0.383040 -0.306432 103109
1 11.299680 -2.413152 0.612864 103116
2 4.404960 11.146464 -10.533600 103123
0 1.838592 -0.383040 16.815456 103330
1 -9.844128 4.826304 -3.945312 103336
2 -19.535040 -0.536256 -10.533600 103343
0 -0.574560 3.026016 -0.076608 103550
1 2.987712 -9.173696 -3.945312 103557
2 -0.306432 7.201152 -1.876896 103564
0 0.229824 2.026016 8.197056 103772
1 2.987712 -10.725120 1.723680 103779
2 -14.325696 -6.464960 15.972768 103786
0 0.229824 2.757888 19.535040 103993
1 -19.535040 -13.242112 -3.753792 103999
2 -14.325696 -7.622496 -8.886528 104006
0 -0.961696 0.612864 -0.153216 104214
1 12.985056 -1.402304 -5.439168 104220
2 -11.567808 -6.664896 -7.886528 104227
0 -1.570464 -0.459648 -0.153216 104434
1 -19.535040 -19.417248 -0.919296 104442
2 -3.064320 18.335104 -7.507584 104450
0 -2.221632 -0.459648 0.229824 104657
1 -19.535040 -19.417248 -0.919296 104664
2 -12.487104 -5.464960 6.664896 104672
0 -4.443264 3.715488 5.171040 104879
1 5.924608 -13.138272 -2.413152 104886
2 -4.487104 -6.052032 -1.302336 104893
0 -0.421344 3.715488 15.130080 105100
1 5.924608 -13.138272 -2.413152 105107
2 -4.902912 5.745600 -4.443264 105114
0 -2.421344 -0.995904 0.038304 105321
1 6.205248 -6.138272 -2.413152 105328
2 -8.618400 5.171040 -1.991808 105335
0 -2.451456 -0.421344 0.038304 105541
1 -16.794752 -6.013728 1.685376 105548
2 -8.618400 -5.630688 -1.302336 105555
0 1.723680 5.578656 0.306432 105762
1 -17.006976 -17.390016 0.000000 105769
2 -12.618400 -5.630688 -1.302336 105776
0 4.136832 1.149120 16.011072 105983
1 9.576000 -13.176576 -1.838592 105990
2 -12.525408 9.039744 -3.945312 105997
0 4.136832 1.149120 9.011072 106204
1 9.576000 -13.176576 -1.838592 106210
2 -8.235360 0.114912 -2.413152 106217
0 0.804384 0.149120 9.920736 106425
1 -7.967232 5.324256 -2.030112 106432
2 -5.439168 14.019264 -2.413152 106438
0 0.804384 0.536256 3.920736 106645
1 -7.967232 5.324256 -2.030112 106652
2 3.255840 15.666336 0.834496 106659
0 1.953504 2.536256 3.907008 106865
1 11.567808 -1.876896 -2.030112 106874
2 -2.030112 -6.090336 -1.493856 106881
0 0.651168 5.298240 6.703200 107088
1 11.567808 -1.876896 -2.030112 107095
2 -10.380384 19.503488 -2.451456 107101
0 3.562272 0.860512 18.807264 107309
1 -16.125984 -1.876896 -0.689472 107315
2 -14.861952 4.060224 5.630688 107322
0 -0.421344 -0.421344 14.632128 107529
1 -16.125984 -19.535040 -0.689472 107536
2 -7.124544 -11.797632 -3.677184 107543
0 2.413152 1.961696 0.727776 107750
1 -9.614304 -19.535040 -0.919296 107756
2 -4.366656 4.366656 -1.378944 107763
0 0.413152 2.259936 17.734752 107970
1 -9.614304 5.745600 -4.919296 107979
2 -19.420128 12.535040 6.166944 107985
0 -0.348832 0.000000 -1.187424 108192
1 2.259936 5.745600 -4.711392 108200
2 -13.904352 -5.666112 -3.830400 108206
0 -1.225728 0.651168 0.229824 108413
1 2.259936 -16.202592 -0.689472 108420
2 -5.554080 -6.779808 -4.826304 108427
0 0.536256 1.302336 3.409056 108634
1 8.158752 -8.202592 -0.689472 108640
2 7.469280 8.098528 -1.876896 108647
0 12.487104 2.872800 3.409056 108853
1 8.158752 -8.202592 -0.689472 108861
2 -19.535040 -1.419904 -19.535040 108868
0 0.383040 -0.076608 19.535040 109076
1 -15.628032 -19.388576 2.336544 109083
2 -19.535040 1.800288 -9.844128 109090
0 -0.191520 -0.076608 0.689472 109297
1 -15.628032 -19.535040 -3.868704 109304
2 -4.328352 4.328352 -2.719584 109311
0 -0.191520 6.090336 16.623936 109517
1 1.647072 -19.535040 -3.868704 109525
2 -19.535040 4.098528 19.535040 109532
0 -1.302336 -1.570464 9.269568 109739
1 1.647072 -19.535040 -3.868704 109746
2 -12.244992 -6.358464 -2.528064 109753
0 0.038304 1.723680 9.269568 109960
1 1.647072 -19.535040 -1.991808 109966
2 -12.716928 -6.013728 -7.086240 109975
0 -1.225728 -1.302336 0.536256 110182
1 -14.632128 -12.175136 0.153216 110188
2 -12.716928 -6.013728 -7.086240 110196
0 -2.336544 -0.536256 0.536256 110403
1 -11.261376 -12.525408 -4.175136 110410
2 -12.716928 -6.013728 -7.086240 110417
0 5.554080 -0.536256 5.937120 110626
1 -11.261376 3.026016 -4.098528 110634
2 -18.807264 19.535040 6.511680 110641
0 5.554080 5.898816 19.535040 110848
1 -5.324256 3.026016 -4.098528 110856
2 -5.745600 19.535040 6.511680 110862
0 -5.822208 5.668992 19.535040 111069
1 -5.324256 -19.535040 -1.225728 111078
2 -15.244992 9.882432 0.344736 111085
0 0.177792 5.668992 19.535040 111291
1 -10.035648 0.651168 -1.225728 111298
2 -15.244992 9.882432 0.344736 111305
0 1.838592 1.685376 4.535040 111511
1 -10.035648 0.651168 -1.225728 111518
2 -19.535040 9.882432 0.344736 111526
0 1.417248 1.685376 4.749696 111732
1 -10.035648 0.651168 -3.225728 111739
2 -19.535040 9.882432 0.344736 111746
0 1.417248 0.651168 4.749696 111953
1 9.346176 0.651168 -3.485664 111959
2 -19.535040 9.882432 0.344736 111966
0 1.417248 0.651168 -0.766080 112174
1 9.346176 -2.374848 0.268128 112181
2 -19.535040 9.882432 0.344736 112187
0 3.907008 4.634784 -0.766080 112394
1 9.346176 -2.374848 0.268128 112400
2 -19.535040 9.882432 0.344736 112407
0 0.268128 1.110816 18.845568 112613
1 9.346176 -2.374848 0.268128 112620
2 -19.535040 2.106720 -7.354368 112628
0 0.268128 1.110816 0.845568 112835
1 9.346176 -2.374848 0.268128 112842
2 -3.562272 2.106720 -7.354368 112848
0 5.937120 3.110816 0.383040 113055
1 9.346176 -2.374848 0.268128 113062
2 -3.562272 2.106720 -7.354368 113068
0 5.937120 3.715488 18.383040 113276
1 9.346176 -2.374848 0.268128 113283
2 -10.562272 4.251744 -2.566368 113289
0 2.911104 -2.374848 18.232704 113937
1 9.346176 -2.374848 0.268128 113944
2 -10.456992 4.251744 -2.566368 113950
0 2.911104 -2.374848 19.535040 114157
1 9.346176 -2.374848 0.268128 114164
2 -10.456992 4.251744 -2.566368 114171
0 2.911104 -2.374848 19.535040 114378
1 9.346176 -2.374848 0.268128 114385
2 -10.456992 -9.748256 -2.566368 114391
0 2.911104 -2.374848 19.535040 114598
1 9.346176 -2.374848 0.268128 114605
2 -10.456992 -9.748256 -2.566368 114611
0 1.493856 0.995904 19.535040 114818
1 9.346176 -2.374848 0.268128 114826
2 -10.456992 -10.073952 -2.566368 114833
0 1.493856 0.995904 3.217536 115040
1 9.346176 -2.374848 0.268128 115047
2 -10.456992 -10.073952 -1.685376 115053
0 1.838592 3.995904 3.217536 115260
1 9.346176 -2.374848 0.268128 115268
2 -2.681280 -10.073952 -1.685376 115275
0 1.838592 3.294144 6.217536 115482
1 9.346176 -2.374848 0.268128 115489
2 -2.681280 13.926048 -1.685376 115496
0 -2.161408 3.294144 6.166944 115703
1 9.346176 -2.374848 0.268128 115710
2 -10.227168 14.747040 10.035648 115716
0 -3.562272 -0.705856 6.166944 115925
1 9.346176 -2.374848 0.268128 115931
2 -1.227168 -9.154656 -6.664896 115937
0 -3.562272 -1.761984 9.166944 116144
1 -12.793536 -2.374848 0.268128 116151
2 -1.608768 -9.154656 -6.664896 116158
0 -0.268128 -1.761984 9.767520 116365
1 -12.793536 -19.535040 -2.068416 116372
2 -19.535040 -0.464960 11.414592 116379
0 -0.268128 -0.612864 1.034208 116586
1 -12.793536 -19.535040 -2.068416 116593
2 -19.535040 -1.723680 -9.537696 116600
0 -1.110816 -1.110816 0.034208 116807
1 -19.535040 -8.535040 -2.068416 116815
2 -18.117792 -3.464960 6.243552 116824
0 -3.255840 0.268128 0.804384 117030
1 -19.535040 -8.656704 -4.060224 117038
2 -18.117792 -4.979520 -6.626592 117045
0 1.800288 0.689472 0.383040 117252
1 -2.374848 4.343296 -4.060224 117258
2 -18.699104 3.179232 -2.413152 117265
0 -0.459648 0.497952 2.489760 117472
1 3.625152 5.592384 -4.711392 117478
2 -18.768960 19.535040 7.586848 117485
0 -2.757888 -1.532160 -1.761984 117692
1 4.749696 5.592384 -4.711392 117698
2 -14.402304 8.886528 0.114912 117705
0 3.523968 -1.532160 7.316064 117912
1 4.749696 5.592384 -4.711392 117919
2 -16.585632 -4.826304 -6.588288 117927
0 -0.421344 -0.153216 19.535040 118134
1 4.749696 5.592384 -4.711392 118141
2 -2.604672 16.173696 -6.588288 118147
0 -1.608768 -2.413152 -0.306432 118354
1 4.749696 -8.005536 3.294144 118361
2 -19.604672 17.428320 11.223072 118367
0 -0.459648 0.919296 11.835936 118575
1 -8.043840 -8.005536 3.294144 118581
2 -19.535040 6.013728 1.223072 118588
0 -0.421344 0.919296 0.114912 118795
1 -8.043840 -8.005536 3.294144 118802
2 -7.047936 6.013728 1.455552 118808
0 -0.421344 -0.268128 0.612864 119015
1 -8.043840 6.588288 -4.443264 119023
2 -19.535040 9.307872 -2.528064 119030
0 4.826304 -2.145024 16.853760 119237
1 -8.618400 6.588288 -4.443264 119244
2 -3.523968 -6.358464 -8.195616 119250
0 4.826304 9.269568 19.535040 119457
1 -8.618400 6.588288 -4.443264 119464
2 -5.630688 4.290048 -9.346176 119471
0 1.647072 -0.689472 0.995904 119678
1 -8.618400 4.588288 -4.443264 119685
2 -19.535040 8.311968 -0.880992 119691
0 2.604672 -1.991808 19.535040 119898
1 -8.618400 4.588288 -4.443264 119906
2 -13.789440 -8.311968 -7.464960 119912
0 1.953504 3.523968 12.104064 120119
1 -18.156096 4.864608 -4.864608 120128
2 -17.658144 -0.880992 -6.580096 120134
0 0.459648 -0.114912 12.104064 120341
1 -18.156096 -19.535040 -2.864608 120349
2 -19.535040 -0.880992 -6.664896 120356
0 -1.953504 -0.421344 -0.114912 120563
1 -19.535040 -19.535040 -2.451456 120570
2 -12.602016 -5.362560 6.741504 120577
0 1.953504 -0.497952 8.809920 120784
1 -19.535040 -19.535040 -9.451456 120790
2 -14.095872 -6.435072 -9.076608 120797
0 1.723680 -0.497952 2.681280 121004
1 8.963136 -5.535040 -9.231264 121011
2 -13.636224 -6.435072 -9.422784 121018
0 -2.528064 0.536256 1.149120 121226
1 8.963136 -5.132736 2.298240 121233
2 -13.636224 6.358464 -0.306432 121240
0 -2.528064 -1.685376 10.227168 121447
1 -19.535040 7.162848 -2.336544 121453
2 -15.244992 1.358464 -0.306432 121460
0 5.471936 -1.685376 10.227168 121667
1 -19.535040 -16.837152 -2.336544 121674
2 -15.244992 1.149120 3.485664 121681
0 6.358464 3.562272 16.227168 121888
1 2.464960 -17.543232 -2.872800 121895
2 -8.924832 9.001440 -9.346176 121902
0 0.229824 -0.437728 16.394112 122109
1 3.064320 -13.214880 -2.872800 122115
2 -12.678624 -4.213440 -9.346176 122123
0 3.294144 0.276320 5.285952 122330
1 -7.201152 7.430976 -3.447360 122338
2 -6.281856 -4.213440 -1.417248 122345
0 3.294144 1.110816 12.285952 122551
1 6.090336 -8.848224 -2.413152 122558
2 -6.281856 5.898816 -7.469280 122564
0 -1.493856 0.306432 -0.397984 122771
1 -8.909664 -8.848224 -2.145024 122778
2 -15.321600 9.614304 0.536256 122785
0 0.919296 2.306432 -1.072512 122992
1 -8.909664 -8.848224 -2.145024 122998
2 -5.458432 -2.604672 -8.541792 123005
0 -1.340640 0.949408 18.692352 123212
1 -9.920736 -5.848224 -2.145024 123221
2 -1.340640 19.535040 11.874240 123228
0 3.753792 1.647072 2.383040 123435
1 2.079264 -5.056128 -5.132736 123442
2 -19.496736 6.052032 1.685376 123449
0 0.919296 1.647072 2.374848 123656
1 2.079264 -5.056128 -5.132736 123662
2 -3.942656 -2.451456 -5.477472 123669
0 0.651168 0.383040 0.497952 123877
1 2.079264 -5.056128 -5.132736 123884
2 -14.976864 18.707296 -3.447360 123890
0 2.987712 -4.596480 0.153216 124097
1 2.079264 -5.056128 -5.132736 124104
2 -12.295584 8.465184 6.741504 124111
0 0.306432 1.953504 19.420128 124318
1 2.079264 -5.056128 -5.132736 124325
2 -9.920736 -4.864608 -4.404960 124332
0 4.175136 6.664896 19.766080 124539
1 2.079264 -5.056128 -5.132736 124546
2 -12.525408 8.082144 -1.685376 124553
0 2.451456 -0.383040 2.535040 124760
1 2.079264 -5.056128 -5.132736 124769
2 0.689472 11.682720 0.383040 124777
0 7.277760 -3.677184 19.566368 124984
1 2.079264 -5.056128 -5.132736 124991
2 -10.571904 -4.251744 -4.404960 124998
0 3.064320 0.497952 0.535040 125205
1 2.079264 -5.056128 -5.132736 125211
2 -4.711392 2.413152 -3.485664 125218
0 -0.229824 0.344736 -0.651168 125426
1 2.079264 -5.056128 -5.132736 125432
2 12.602016 16.632128 5.745600 125439
0 5.927488 0.459648 -0.306432 125975
1 2.079264 -5.056128 -5.132736 125982
2 -10.535040 -2.489760 -6.052032 125988
0 8.205248 5.094432 19.535040 126196
1 2.079264 -5.056128 -5.132736 126202
2 -19.535040 6.809920 4.443264 126209
0 8.886528 -8.120448 11.797632 126416
1 2.079264 -5.056128 -5.132736 126424
2 -10.342080 -9.920736 2.489760 126431
0 -0.727776 -0.842688 0.038304 126858
1 2.079264 -5.056128 -5.132736 126865
2 -4.290048 19.753792 -2.030112 126872
0 8.426880 0.804384 0.689472 127079
1 -0.920736 -5.056128 -5.132736 127087
2 -4.290048 19.535040 14.364000 127094
0 0.076608 0.804384 19.535040 127300
1 -0.920736 -5.056128 -5.132736 127307
2 -19.535040 -3.562272 -8.388576 127314
0 0.076608 0.919296 0.535040 127522
1 -0.383040 -15.091776 -2.145024 127529
2 -18.002880 19.038304 -8.350272 127536
0 0.076608 0.919296 0.612864 127743
1 -0.383040 -15.091776 -2.145024 127749
2 -18.002880 19.038304 -8.350272 127756
0 1.042400 -0.114912 0.076608 127963
1 -0.383040 -15.091776 -2.145024 127970
2 -18.002880 19.535040 -8.350272 127977
0 2.604672 0.995904 3.715488 128184
1 -0.383040 -15.091776 -2.145024 128190
2 -10.610208 7.009632 -1.258496 128197
0 -0.919296 0.995904 3.715488 128404
1 -0.383040 -15.091776 -2.145024 128410
2 -2.757888 19.009632 -2.374848 128417
0 -0.919296 0.919296 4.328352 128625
1 -0.383040 -15.091776 -2.145024 128637
2 -2.757888 19.535040 -2.374848 128645
0 -0.766080 0.229824 0.328352 128852
1 -0.383040 -15.091776 -2.145024 128859
2 -2.757888 19.535040 -2.374848 128866
0 -2.681280 3.229824 -0.497952 129073
1 -13.674528 -15.091776 -2.145024 129079
2 -2.757888 19.535040 -2.374848 129087
0 -2.681280 3.140928 -0.497952 129293
1 -13.674528 -15.091776 -2.145024 129301
2 -2.757888 19.535040 9.625152 129308
0 -2.681280 3.140928 -0.497952 129514
1 -13.674528 -15.091776 -2.145024 129523
2 -12.716928 9.535040 10.954944 129530
0 -0.681280 3.140928 7.814016 129737
1 -13.674528 -19.535040 -3.255840 129744
2 -12.716928 9.231264 0.954944 129751
0 -0.612864 3.140928 7.814016 129958
1 -13.674528 -19.535040 -3.255840 129965
2 -16.355808 9.231264 0.268128 129973
0 -0.612864 -1.417248 11.814016 130179
1 -10.495296 -19.535040 -3.255840 130187
2 -16.355808 9.231264 0.268128 130194
0 -0.612864 -1.417248 11.814016 130401
1 -10.495296 -19.535040 -3.255840 130408
2 -16.355808 9.231264 0.268128 130415
0 0.387136 -1.417248 11.414592 130623
1 -10.495296 -19.535040 -3.255840 130631
2 -16.355808 -14.517216 0.268128 130639
0 1.647072 1.582752 11.414592 130846
1 -10.495296 -19.535040 -3.255840 130853
2 -16.355808 -14.517216 0.268128 130860
0 1.647072 2.451456 1.414592 131067
1 -10.495296 -19.535040 -7.660800 131074
2 -16.355808 -14.517216 8.197056 131081
0 1.647072 2.451456 1.414592 131288
1 5.783904 -6.535040 -7.660800 131294
2 -16.355808 -14.517216 8.197056 131300
0 1.647072 2.451456 1.414592 131508
1 5.783904 -6.626592 -0.660800 131514
2 -3.983616 2.336544 8.197056 131522
0 2.911104 2.451456 1.302336 131729
1 5.783904 -6.626592 -0.660800 131735
2 -3.983616 2.336544 9.767520 131741
0 2.911104 2.719584 1.302336 131948
1 -1.187424 -19.535040 0.689472 131954
2 -13.983616 2.336544 9.767520 131961
0 5.477472 2.719584 15.628032 132168
1 9.805824 -2.413152 1.455552 132175
2 -18.041184 -5.362560 -5.554080 132182
0 1.477472 6.358464 19.535040 132389
1 9.805824 -2.413152 1.455552 132396
2 -7.660800 -11.203808 -3.677184 132402
0 1.493856 0.358464 19.535040 132609
1 -5.745600 -4.596480 1.455552 132616
2 -9.499392 3.179232 -0.880992 132625
0 0.493856 0.153216 -0.038304 132831
1 -0.880992 -12.333888 -1.493856 132838
2 -19.535040 9.346176 -19.880992 132845
0 -0.651168 -0.191520 -0.038304 133052
1 -19.535040 -19.535040 -2.016384 133059
2 -19.535040 9.346176 -19.535040 133066
0 -0.651168 -0.191520 0.651168 133273
1 -18.998784 -19.535040 -3.715488 133279
2 -5.745600 1.629248 -6.320160 133287
0 -0.536256 0.651168 0.651168 133493
1 -18.998784 -19.535040 -3.715488 133500
2 -12.142368 19.145024 -2.489760 133507
0 0.689472 -0.344736 0.421344 133714
1 -18.998784 -10.342080 -5.324256 133721
2 -19.535040 4.251744 0.907008 133729
0 -1.264032 -0.421344 0.957600 133936
1 -4.749696 6.626592 -3.523968 133942
2 -9.690912 4.251744 -0.114912 133949
0 -1.302336 4.979520 0.957600 134156
1 -2.949408 -14.373408 -3.523968 134162
2 -9.690912 4.251744 -0.114912 134169
0 -0.612864 -7.047936 13.980960 134377
1 -2.949408 -15.742944 1.455552 134384
2 -9.422784 3.603232 -7.622496 134391
0 0.038304 0.689472 4.290048 134598
1 1.378944 -15.742944 1.455552 134604
2 -11.261376 -2.595040 0.229824 134610
0 -1.187424 0.689472 -0.344736 134817
1 1.378944 -19.535040 1.455552 134825
2 -8.618400 1.953504 -1.838592 134831
0 -1.264032 1.072512 19.535040 135038
1 0.191520 -9.154656 -2.872800 135045
2 -2.618400 1.953504 -1.838592 135051
0 -1.264032 2.604672 19.535040 135258
1 -6.052032 2.566368 -1.318720 135265
2 -7.047936 19.535040 14.095872 135272
0 0.689472 0.268128 -0.497952 135478
1 -19.535040 -17.428320 -5.489760 135485
2 -5.047936 -8.848224 -8.503488 135492
0 -0.497952 1.685376 3.332448 135699
1 -19.535040 -17.428320 -5.489760 135705
2 -6.473376 2.757888 -2.298240 135712
0 5.515776 2.221632 3.332448 135919
1 -19.535040 -17.428320 -5.489760 135927
2 -19.535040 1.493856 -5.592384 135934
0 0.191520 1.034208 0.804384 136141
1 -19.535040 -17.428320 -5.489760 136147
2 -3.904352 -7.047936 -5.592384 136154
0 4.673088 6.664896 0.804384 136361
1 -19.535040 -17.428320 -5.489760 136367
2 -2.221632 19.290048 -1.225728 136374
0 -2.106720 -0.880992 19.535040 136581
1 -19.535040 -17.428320 -5.489760 136588
2 -19.535040 19.535040 12.563712 136595
0 2.642976 2.604672 3.409056 137024
1 -19.535040 -17.428320 -5.489760 137030
2 -9.001440 4.941216 1.493856 137037
0 2.642976 -0.076608 3.983616 137243
1 -19.535040 -17.428320 -5.489760 137250
2 9.959040 5.296800 -9.499392 137257
0 7.316064 -0.344736 16.011072 137463
1 -19.535040 -17.428320 -5.489760 137471
2 -12.640320 -9.039744 -2.824864 137478
0 0.114912 2.068416 -0.804384 137685
1 -19.535040 -17.428320 -5.489760 137692
2 -13.406400 -4.021920 -7.814016 137699
0 0.114912 1.068416 -0.804384 137906
1 -19.535040 -17.428320 -5.489760 137912
2 -18.730656 19.496736 -7.814016 137920
0 6.243552 2.149120 4.175136 138128
1 -19.535040 -17.428320 -5.489760 138134
2 -18.730656 19.496736 -1.814016 138141
0 -0.756448 2.834496 10.303776 138348
1 -19.535040 -17.428320 -5.489760 138355
2 -8.848224 12.496736 -1.915200 138362
0 -1.455552 1.110816 -0.268128 138569
1 -19.535040 -17.428320 -5.489760 138577
2 -8.120448 5.324256 1.838592 138584
0 -1.072512 -0.727776 -0.268128 138790
1 -19.535040 -17.428320 -5.489760 138797
2 -12.831840 7.277760 -16.470720 138804
0 1.608768 -2.796192 0.153216 139011
1 -19.535040 -17.428320 -5.489760 139018
2 -5.132736 -4.213440 -0.880992 139025
0 1.608768 -2.796192 13.789440 139232
1 -19.535040 -17.428320 -5.489760 139238
2 -9.269568 8.924832 -4.098528 139246
0 3.868704 -2.796192 13.789440 139452
1 -19.535040 -17.428320 -5.489760 139459
2 -8.426880 8.924832 -7.239456 139466
0 -0.497952 5.094432 19.535040 139674
1 -19.535040 -17.428320 -5.489760 139681
2 -13.827744 -4.251744 -5.123104 139688
0 -0.497952 -0.076608 1.535040 139895
1 -13.712832 -19.213440 -0.574560 139901
2 -9.154656 2.336544 -6.243552 139908
0 3.370752 -0.076608 1.072512 140115
1 -13.712832 -19.535040 -0.076608 140122
2 -14.517216 19.535040 4.084800 140129
0 3.370752 4.443264 19.535040 140336
1 4.596480 -13.214880 -1.723680 140342
2 -11.184768 5.056128 -5.828960 140349
0 3.370752 4.443264 19.535040 140556
1 -8.082144 5.785120 -1.723680 140562
2 -10.184768 5.056128 -6.664896 140569
0 -3.562272 -0.556736 19.535040 140777
1 8.503488 -8.258496 -6.013728 140784
2 -13.291488 17.773056 -7.584192 140791
0 -3.562272 -1.455552 8.963136 140998
1 -15.244992 -19.535040 -1.723680 141004
2 -13.291488 17.773056 1.415808 141011
0 0.114912 -0.306432 8.963136 141218
1 -15.244992 -19.535040 -1.723680 141225
2 4.673088 11.223072 0.766080 141233
0 8.886528 5.707296 -0.076608 141439
1 -4.175136 10.464960 -1.723680 141446
2 -7.326912 11.223072 0.766080 141452
0 -0.113472 5.707296 19.535040 141659
1 -4.175136 11.031552 -4.788000 141665
2 8.043840 -3.332448 -14.287392 141674
0 -0.532160 0.000000 0.306432 141880
1 1.072512 -18.968448 -4.788000 141887
2 -11.452896 -9.767520 -8.963136 141894
0 -0.344736 0.000000 0.306432 142101
1 1.072512 -18.968448 -4.788000 142107
2 -11.682720 -4.443264 -3.370752 142114
0 -0.344736 0.191520 0.612864 142322
1 1.072512 -19.535040 -1.788000 142328
2 1.367872 19.535040 5.937120 142335
0 -2.651168 -0.651168 0.574560 142541
1 1.072512 -19.535040 -1.788000 142548
2 -19.535040 -6.218752 -10.035648 142555
0 -2.259936 -1.187424 6.574560 142762
1 1.072512 -19.535040 -1.788000 142769
2 -11.414592 -6.473376 -7.507584 142777
0 -0.689472 6.856416 15.511680 142984
1 13.291488 -2.535040 -1.302336 142992
2 -11.414592 -6.473376 -7.507584 142999
0 0.497952 0.114912 0.742944 143206
1 9.291488 -2.872800 1.072512 143212
2 -15.283296 5.707296 -0.507584 143219
0 -1.800288 -0.885088 -0.957600 143426
1 9.291488 -2.872800 1.072512 143433
2 -19.535040 -2.030112 -6.268128 143439
0 -1.800288 -1.034208 -0.957600 143646
1 9.039744 -6.052032 0.306432 143653
2 -19.535040 -2.030112 -6.090336 143660
0 -1.800288 -1.034208 8.235360 143867
1 -18.355584 -1.149120 1.340640 143875
2 -19.535040 -2.030112 -6.090336 143882
0 2.719584 1.838592 6.933024 144089
1 -18.355584 -1.149120 1.340640 144095
2 -19.535040 -2.030112 -6.090336 144102
0 0.421344 0.838592 6.933024 144309
1 -18.355584 -1.149120 1.340640 144316
2 -19.535040 3.294144 -5.090336 144324
0 0.268128 0.574560 0.153216 144531
1 10.840032 -19.535040 -5.477472 144538
2 -4.826304 9.294144 -5.860512 144545
0 0.268128 6.090336 0.153216 144751
1 10.840032 -2.987712 1.570464 144758
2 -4.826304 9.844128 -1.860512 144765
0 0.268128 6.090336 15.130080 144972
1 10.840032 -2.987712 1.570464 144979
2 -4.826304 9.844128 -1.072512 144985
0 0.268128 6.090336 15.130080 145192
1 -8.963136 -2.987712 1.570464 145200
2 -4.826304 9.844128 -1.072512 145207
0 0.268128 6.090336 15.130080 145413
1 -8.963136 -2.987712 1.570464 145421
2 -15.130080 9.844128 -1.072512 145428
0 -0.229824 0.000000 -0.344736 145636
1 -8.963136 -2.987712 1.570464 145743
2 -15.130080 9.461088 -1.072512 145749
0 -0.229824 0.000000 -0.344736 145956
1 -8.963136 -2.987712 1.570464 145964
2 -15.130080 9.461088 -1.072512 145971
0 0.153216 0.000000 -0.344736 146178
1 -8.963136 -2.987712 1.570464 146185
2 -17.130080 9.461088 -1.838592 146192
0 0.153216 0.000000 -0.344736 146398
1 -8.963136 -2.987712 1.570464 146405
2 -17.130080 9.461088 -1.838592 146412
0 0.153216 1.000000 -0.344736 146619
1 -8.963136 -2.987712 1.570464 146627
2 -17.130080 9.461088 -1.838592 146636
0 0.153216 1.187424 -0.344736 146845
1 -8.963136 -2.987712 1.570464 146853
2 -17.504928 9.461088 -1.838592 146859
0 0.153216 1.187424 -0.344736 147066
1 -8.963136 -2.987712 1.570464 147074
2 -17.504928 9.461088 -1.838592 147081
0 -1.800288 -1.723680 -0.268128 147288
1 -8.963136 -2.987712 1.570464 147296
2 -17.504928 -2.336544 -1.838592 147302
0 -0.919296 -1.723680 2.030112 147509
1 -8.963136 -2.987712 1.570464 147516
2 -17.504928 -2.336544 -6.838592 147522
0 -0.919296 -1.723680 2.030112 147730
1 -8.963136 -2.987712 1.570464 147736
2 -6.504928 -2.336544 -6.588288 147743
0 -0.919296 -1.723680 2.030112 147950
1 -8.963136 -2.987712 1.570464 147956
2 -6.128640 -2.336544 -6.588288 147963
0 -0.919296 -1.493856 0.030112 148170
1 -8.963136 -2.987712 1.570464 148178
2 -15.742944 2.566368 -2.413152 148185
0 0.229824 -1.493856 -0.612864 148392
1 -4.519872 -19.535040 1.378944 148398
2 -15.742944 2.566368 -2.413152 148405
0 0.229824 -0.038304 0.191520 148612
1 -5.707296 -19.535040 1.378944 148619
2 -15.742944 19.496736 -2.604672 148628
0 5.017824 3.961696 0.191520 148840
1 -5.707296 8.158752 1.378944 148847
2 -6.205248 5.209344 -1.604672 148853
0 5.017824 4.443264 19.191520 149060
1 6.779808 -3.868704 0.786560 149067
2 -19.535040 2.221632 19.535040 149074
0 3.447360 -1.493856 19.535040 149281
1 -2.834496 -3.868704 1.608768 149288
2 -6.856416 -3.217536 -4.443264 149295
0 -0.229824 8.506144 19.535040 149502
1 -2.834496 7.699104 1.608768 149509
2 -14.856416 2.834496 0.076608 149515
0 0.497952 0.269568 19.535040 149723
1 2.165504 7.699104 -1.838592 149730
2 19.535040 18.535040 7.545888 149736
0 0.497952 -0.076608 2.681280 149943
1 3.868704 -9.384480 -1.838592 149950
2 19.535040 18.998784 15.857856 149957
0 -0.804384 -0.114912 3.753792 150164
1 3.868704 -9.384480 -1.838592 150171
2 -14.134176 11.012288 -3.600576 150178
0 0.536256 6.013728 16.892064 150385
1 3.868704 -9.384480 -1.838592 150391
2 1.532160 8.640320 3.409056 150398
0 0.344736 -0.191520 -0.421344 150604
1 -9.959040 0.615520 -1.761984 150612
2 -15.398208 -1.113472 0.076608 150619
0 -0.919296 0.344736 -0.880992 150827
1 -3.959040 1.570464 -3.332448 150834
2 -4.398208 -2.987712 -6.396768 150840
0 -1.608768 3.562272 12.372192 151047
1 -3.907008 8.570464 -3.332448 151053
2 -4.060224 3.830400 -1.340640 151060
0 1.455552 0.562272 12.372192 151267
1 -3.907008 8.541792 -3.600576 151275
2 -4.060224 19.535040 8.659360 151282
0 -1.110816 0.919296 0.533600 151489
1 -3.447360 -19.535040 -3.102624 151495
2 -4.535040 6.511680 1.493856 151502
0 7.316064 6.358464 18.348832 151709
1 2.757888 -8.580096 1.876896 151716
2 -4.251744 5.822208 -1.838592 151723
0 -0.536256 -0.766080 0.535040 151930
1 0.459648 -19.580096 1.876896 151938
2 -2.834496 11.721024 -1.838592 151945
0 0.689472 -0.766080 -0.114912 152152
1 0.459648 -19.535040 -2.030112 152159
2 -14.834496 11.721024 4.673088 152166
0 3.294144 6.549984 18.961696 152374
1 -10.265472 6.243552 -2.528064 152381
2 -10.073952 2.982176 -3.907008 152388
0 -0.344736 -0.383040 0.535040 152594
1 3.983616 -8.756448 -2.528064 152601
2 -15.436512 7.332448 -2.719584 152608
0 1.838592 -0.383040 -0.497952 152814
1 3.983616 -8.756448 -2.528064 152824
2 -16.164288 -3.064320 -3.945312 152830
0 6.703200 -1.264032 12.448800 153038
1 3.983616 -8.756448 -2.528064 153044
2 -5.171040 5.094432 -3.945312 153051
0 1.685376 5.668992 19.535040 153258
1 3.983616 -8.756448 -2.528064 153264
