0 0.229824 0.689472 9.461088 182596
1 -3.064320 -4.366656 7.928928 182603
2 -9.154656 2.145024 0.000000 182611
0 0.191520 0.651168 9.422784 182818
1 -2.949408 -4.328352 7.967232 182825
2 -9.154656 2.145024 -1.000000 182832
0 0.153216 0.651168 9.461088 183038
1 -2.949408 -4.366656 7.852320 183046
2 -9.192960 2.145024 -1.876896 183053
0 0.229824 0.574560 9.461088 183260
1 -3.026016 -4.443264 7.814016 183266
2 -9.192960 2.221632 -1.953504 183274
0 0.306432 0.574560 9.499392 183481
1 -2.987712 -4.290048 7.928928 183488
2 -9.154656 2.221632 -1.953504 183496
0 0.306432 0.651168 9.537696 183703
1 -2.911104 -4.328352 7.928928 183711
2 -9.154656 2.145024 -1.876896 183718
0 0.191520 0.651168 9.499392 183925
1 -2.911104 -4.404960 7.775712 183931
2 -9.192960 2.145024 -1.876896 183939
0 0.306432 0.574560 9.537696 184146
1 -2.911104 -4.366656 7.928928 184152
2 -9.192960 2.145024 -1.876896 184159
0 0.344736 0.612864 9.499392 184366
1 -2.911104 -4.328352 7.928928 184373
2 -9.192960 2.145024 -1.876896 184380
0 0.191520 0.536256 9.499392 184586
1 -3.026016 -4.366656 7.928928 184593
2 -9.192960 2.145024 -1.876896 184601
0 0.268128 0.612864 9.461088 184809
1 -2.987712 -4.290048 7.928928 184816
2 -9.192960 2.145024 -1.915200 184823
0 0.229824 0.612864 9.614304 185030
1 -2.872800 -4.366656 7.814016 185036
2 -9.116352 2.221632 -1.915200 185046
0 0.229824 0.612864 9.422784 185255
1 -2.911104 -4.328352 7.890624 185263
2 -9.116352 2.221632 -1.915200 185271
0 0.038304 0.574560 9.499392 185477
1 -2.911104 -4.328352 7.890624 185484
2 -9.116352 2.221632 -1.953504 185491
0 0.344736 0.574560 9.537696 185698
1 -2.949408 -4.404960 8.005536 185705
2 -9.154656 2.183328 -1.953504 185713
0 0.191520 0.689472 9.499392 185920
1 -3.026016 -4.290048 7.928928 185927
2 -9.116352 2.259936 -1.876896 185934
0 0.191520 0.651168 9.499392 186141
1 -2.987712 -4.290048 7.814016 186147
2 -9.116352 2.259936 -1.876896 186154
0 0.268128 0.651168 9.576000 186362
1 -2.987712 -4.366656 7.967232 186369
2 -9.154656 2.259936 -1.838592 186376
0 0.191520 0.689472 9.576000 186583
1 -2.987712 -4.290048 7.967232 186589
2 -9.154656 2.259936 -1.838592 186596
0 0.229824 0.612864 9.461088 186803
1 -2.949408 -4.328352 7.967232 186812
2 -9.154656 2.221632 -1.876896 186820
0 0.000000 0.766080 9.499392 187027
1 -2.911104 -4.290048 7.928928 187034
2 -9.154656 2.221632 -1.876896 187042
0 0.344736 0.727776 9.614304 187249
1 -3.026016 -4.328352 7.814016 187256
2 -9.192960 2.145024 -1.876896 187263
0 0.268128 0.689472 9.499392 187470
1 -2.949408 -4.328352 8.043840 187477
2 -9.192960 2.145024 -1.915200 187484
0 0.153216 0.612864 9.499392 187691
1 -2.987712 -4.366656 7.928928 187698
2 -9.192960 2.145024 -1.915200 187705
0 0.268128 0.651168 9.499392 187913
1 -2.987712 -4.328352 7.928928 187920
2 -9.192960 2.145024 -1.915200 187927
0 0.306432 0.574560 9.499392 188133
1 -2.911104 -4.404960 7.928928 188140
2 -9.154656 2.221632 -1.915200 188147
0 0.306432 0.574560 9.461088 188354
1 -2.987712 -4.328352 7.967232 188361
2 -9.154656 2.221632 -1.838592 188369
0 0.306432 0.651168 9.576000 188575
1 -2.949408 -4.251744 7.967232 188582
2 -9.154656 2.221632 -1.838592 188589
0 0.306432 0.612864 9.537696 188795
1 -2.872800 -4.366656 7.967232 188803
2 -9.154656 2.221632 -1.838592 188813
0 0.344736 0.651168 9.499392 189021
1 -2.834496 -4.404960 7.928928 189028
2 -9.116352 2.145024 -1.838592 189035
0 0.229824 0.689472 9.576000 189242
1 -2.911104 -4.443264 7.890624 189249
2 -9.116352 2.145024 -1.800288 189256
0 0.191520 0.651168 9.422784 189463
1 -2.911104 -4.328352 7.852320 189470
2 -9.192960 2.145024 -1.800288 189478
0 0.191520 0.689472 9.614304 189685
1 -2.949408 -4.366656 7.890624 189692
2 -9.192960 2.145024 -1.800288 189698
0 0.191520 0.689472 9.614304 189905
1 -2.911104 -4.366656 7.928928 189913
2 -9.192960 2.221632 -1.915200 189920
0 0.268128 0.689472 9.499392 190127
1 -2.911104 -4.443264 7.967232 190133
2 -9.192960 2.221632 -1.915200 190140
0 0.459648 0.651168 9.499392 190349
1 -2.949408 -4.443264 7.852320 190355
2 -9.192960 2.183328 -1.838592 190363
0 0.383040 0.727776 9.576000 190570
1 -2.872800 -4.443264 7.852320 190576
2 -9.192960 2.183328 -1.838592 190583
0 0.497952 0.651168 9.537696 190790
1 -3.026016 -4.290048 7.890624 190796
2 -9.231264 2.183328 -1.838592 190803
0 0.038304 0.651168 9.499392 191011
1 -2.911104 -4.404960 7.967232 191017
2 -9.116352 2.183328 -1.838592 191024
0 0.344736 0.689472 9.499392 191231
1 -2.987712 -4.366656 7.890624 191237
2 -9.116352 2.183328 -1.838592 191244
0 0.383040 0.689472 9.461088 191451
1 -2.949408 -4.366656 7.852320 191457
2 -9.116352 2.145024 -1.876896 191464
0 0.306432 0.574560 9.461088 191670
1 -2.911104 -4.443264 7.775712 191677
2 -9.231264 2.145024 -1.876896 191683
0 0.306432 0.612864 9.537696 191890
1 -2.911104 -4.519872 7.928928 191897
2 -9.231264 2.106720 -1.915200 191905
0 0.229824 0.574560 9.461088 192115
1 -2.872800 -4.404960 7.890624 192122
2 -9.231264 2.106720 -1.915200 192129
0 0.268128 0.536256 9.461088 192336
1 -2.949408 -4.404960 7.928928 192342
2 -9.154656 2.106720 -1.915200 192349
0 0.229824 0.651168 9.499392 192556
1 -2.911104 -4.481568 7.814016 192563
2 -9.154656 2.106720 -1.915200 192570
0 0.229824 0.804384 9.499392 192776
1 -2.949408 -4.366656 7.852320 192784
2 -9.154656 2.106720 -1.915200 192790
0 0.229824 0.804384 9.499392 192998
1 -2.987712 -4.328352 7.928928 193004
2 -9.154656 2.106720 -1.915200 193012
0 0.383040 0.804384 9.384480 193219
1 -2.987712 -4.481568 7.967232 193226
2 -9.154656 2.106720 -1.915200 193233
0 0.306432 0.612864 9.537696 193440
1 -2.949408 -4.404960 7.890624 193447
2 -9.154656 2.106720 -1.915200 193455
[UNSUBSCRIBED]
Dis0connected: EF:AB:B3:C6:97:40 (random) (reason 0x08)
Scanning failed to start (err -69)
0 0.383040 0.536256 9.461088 193664
1 -2.987712 -4.366656 8.005536 193772
2 -9.154656 2.106720 -1.915200 193778
[DEVICE]: EF:AB:B3:C6:97:40 (random), AD evt type 0, AD data len 3, RSSI -64
0 0.383040 0.651168 9.690912 193985
1 -2.987712 -4.328352 7.967232 193992
2 -9.154656 2.106720 -1.915200 194000
Connected: EF:AB:B3:C6:97:40 (random)
Scanning successfully started
0 0.191520 0.651168 9.576000 194207
1 -2.987712 -4.366656 7.852320 194214
2 -9.154656 2.106720 -1.915200 194223
0 0.459648 0.689472 9.576000 194430
1 -2.872800 -4.481568 7.928928 194437
2 -9.154656 2.106720 -1.915200 194446
0 0.459648 0.689472 9.499392 194654
1 -2.949408 -4.404960 7.928928 194663
2 -9.154656 2.106720 -1.915200 194670
0 0.421344 0.689472 9.384480 194877
1 -2.872800 -4.404960 7.852320 194884
2 -9.154656 2.106720 -1.915200 194892
0 0.229824 0.651168 9.537696 195101
1 -2.872800 -4.404960 7.967232 195108
2 -9.154656 2.106720 -1.915200 195115
0 0.306432 0.689472 9.461088 195322
1 -2.949408 -4.404960 7.814016 195328
2 -9.154656 2.106720 -1.915200 195335
0 0.306432 0.727776 9.461088 195542
1 -2.911104 -4.366656 7.814016 195548
2 -9.154656 2.106720 -1.915200 195554
[ATTRIBUTE] handle 17
0 0.268128 0.804384 9.461088 195763
1 -2.911104 -4.290048 7.928928 195769
2 -9.154656 2.106720 -1.915200 195777
0 0.076608 0.536256 9.537696 195984
1 -2.949408 -4.404960 7.852320 195991
2 -9.154656 2.106720 -1.915200 195998
0 0.344736 0.536256 9.537696 196205
1 -2.987712 -4.366656 7.852320 196213
2 -9.154656 2.106720 -1.915200 196220
0 -0.957600 0.421344 9.499392 196426
1 -2.987712 -4.213440 7.890624 196433
2 -9.154656 2.106720 -1.915200 196440
[ATTRIBUTE] handle 19
[SUBSCRIBED]
0 -1.378944 0.344736 9.346176 196647
1 -2.987712 -4.404960 7.928928 196654
2 -9.154656 2.106720 -1.915200 196662
0 -0.957600 0.459648 9.537696 196868
1 -2.949408 -4.366656 7.852320 196875
2 -9.154656 2.106720 -1.761984 196882
0 -0.842688 0.459648 9.461088 197089
1 -2.949408 -4.366656 7.890624 197096
2 -9.154656 2.106720 -1.761984 197104
0 -0.727776 0.574560 9.384480 197313
1 -3.911104 -4.290048 7.928928 197319
2 -9.192960 2.106720 -1.761984 197328
0 -0.842688 0.536256 9.422784 197536
1 -2.987712 -4.251744 7.814016 197542
2 -9.192960 2.106720 -1.761984 197549
0 -0.383040 0.497952 9.499392 197755
1 -3.026016 -4.328352 7.852320 197763
2 -9.192960 2.106720 -1.761984 197770
0 -0.268128 0.574560 9.576000 197976
1 -2.872800 -4.290048 7.890624 197983
2 -9.192960 2.106720 -1.761984 197990
0 -0.383040 0.459648 9.537696 198197
1 -2.872800 -4.366656 7.890624 198205
2 -9.192960 2.106720 -1.761984 198212
0 -0.459648 0.497952 9.537696 198419
1 -2.834496 -4.443264 7.890624 198426
2 -9.192960 2.106720 -1.761984 198433
0 -0.383040 0.459648 9.384480 198640
1 -2.872800 -4.481568 7.852320 198647
2 -9.192960 2.106720 -1.761984 198653
0 -0.229824 0.536256 9.499392 198862
1 -2.949408 -4.366656 7.928928 198869
2 -9.192960 2.221632 -1.838592 198876
0 -0.268128 0.574560 9.537696 199083
1 -2.949408 -4.366656 7.928928 199090
2 -9.192960 2.221632 -1.838592 199097
0 -0.268128 0.574560 9.499392 199304
1 -2.872800 -4.404960 8.005536 199311
2 -9.192960 2.221632 -1.838592 199318
0 -0.229824 0.574560 9.422784 199525
1 -2.911104 -4.328352 8.005536 199533
2 -9.078048 2.145024 -1.838592 199540
0 -0.229824 0.612864 9.461088 199747
1 -2.987712 -4.328352 7.967232 199753
2 -9.078048 2.145024 -1.838592 199761
0 -0.229824 0.459648 9.461088 199968
1 -2.911104 -4.366656 7.928928 199976
2 -9.078048 2.145024 -1.838592 199984
0 -0.191520 0.536256 9.576000 200191
1 -2.911104 -4.328352 7.928928 200200
2 -9.078048 2.145024 -1.838592 200211
0 0.038304 0.536256 9.537696 200420
1 -2.987712 -4.328352 7.890624 200427
2 -9.192960 2.145024 -1.800288 200434
0 0.038304 0.536256 9.154656 200642
1 -2.949408 -4.366656 7.967232 200649
2 -9.192960 2.145024 -1.800288 200657
0 -0.268128 0.574560 9.461088 200865
1 -2.949408 -4.290048 7.928928 200872
2 -9.192960 2.145024 -1.800288 200878
0 -0.153216 0.766080 9.537696 201085
1 -3.026016 -4.366656 7.890624 201092
2 -9.192960 2.145024 -1.800288 201100
0 -0.191520 0.536256 9.537696 201307
1 -2.987712 -4.366656 7.852320 201315
2 -9.192960 2.145024 -1.800288 201322
0 -0.038304 0.651168 9.614304 201529
1 -2.949408 -4.366656 7.890624 201539
2 -9.192960 2.145024 -1.800288 201546
[UNSUBSCRIBED]
Disconnected: EF:AB:B3:C6:97:40 (random) (reason 0x08)
Scanning failed to start (err -69)
0 -0.191520 0.574560 9.499392 201753
1 -2.911104 -4.404960 7.928928 201762
2 -9.192960 2.145024 -1.800288 201769
0 -0.114912 0.574560 9.499392 201975
1 -2.987712 -4.404960 7.890624 201982
2 -9.192960 2.145024 -1.800288 201990
[DEVICE]: EF:AB:B3:C6:97:40 (random), AD evt type 0, AD data len 3, RSSI -67
Connected: EF:AB:B3:C6:97:40 (random)
Scanning successfully started
0 -0.038304 0.536256 9.576000 202196
1 -2.949408 -4.404960 8.928928 202204
2 -9.192960 2.145024 -1.800288 202213
0 -0.268128 0.497952 9.537696 202420
1 -2.987712 -4.328352 7.852320 202428
2 -9.192960 2.145024 -1.800288 202435
0 -0.344736 0.497952 9.537696 202642
1 -2.987712 -4.328352 7.928928 202648
2 -9.192960 2.145024 -1.800288 202655
0 -0.191520 0.574560 9.422784 202864
1 -2.911104 -4.290048 7.967232 202871
2 -9.192960 2.145024 -1.800288 202877
0 0.038304 0.574560 9.576000 203084
1 -3.026016 -4.366656 7.814016 203091
2 -9.192960 2.145024 -1.800288 203100
0 -0.114912 0.497952 9.461088 203308
1 -2.911104 -4.290048 7.928928 203315
2 -9.192960 2.145024 -1.800288 203323
0 0.114912 0.459648 9.576000 203530
1 -2.834496 -4.366656 7.928928 203538
2 -9.192960 2.145024 -1.800288 203545
Discover complete
Disconnected: EF:AB:B3:C6:97:40 (random) (reason 0x3e)
Scanning failed to start (err -69)
[DEVICE]: EF:AB:B3:C6:97:40 (random), AD evt type 0, AD data len 3, RSSI -67
0 -0.114912 0.612864 9.461088 203752
1 -2.834496 -4.251744 7.928928 203761
2 -9.192960 2.145024 -1.800288 203767
Connected: EF:AB:B3:C6:97:40 (random)
Scanning successfully started
0 0.076608 0.536256 9.499392 203974
1 -2.949408 -4.328352 7.928928 203981
2 -9.192960 2.145024 -1.800288 203989
0 0.076608 0.612864 9.461088 204196
1 -2.911104 -4.366656 7.928928 204203
2 -9.192960 2.145024 -1.800288 204210
0 -0.076608 0.497952 9.499392 204417
1 -2.796192 -4.443264 7.890624 204425
2 -9.192960 2.145024 -1.800288 204433
0 0.038304 0.612864 9.499392 204639
1 -2.911104 -4.443264 7.890624 204647
2 -9.192960 2.145024 -1.800288 204654
0 0.076608 0.536256 9.499392 204862
1 -2.949408 -4.366656 7.814016 204869
2 -9.192960 2.145024 -1.800288 204876
0 0.000000 0.536256 9.499392 205083
1 -2.911104 -4.328352 7.852320 205089
2 -9.192960 2.145024 -1.800288 205096
0 0.000000 0.612864 9.576000 205303
1 -2.911104 -4.404960 7.967232 205310
2 -9.192960 2.145024 -1.800288 205317
0 0.038304 0.689472 9.461088 205523
1 -2.911104 -4.366656 7.928928 205532
2 -9.192960 2.145024 -1.800288 205538
0 0.000000 0.612864 9.614304 205745
1 -2.949408 -4.404960 7.852320 205752[ATTRIBUTE] handle 17

2 -9.192960 2.145024 -1.800288 205863
0 -0.038304 0.651168 9.499392 206072
1 -2.911104 -4.481568 7.852320 206080
2 -9.192960 2.145024 -1.800288 206087
[ATTRIBUTE] handle 19
[SUBSCRIBED]
0 -0.038304 0.651168 9.499392 206294
1 -2.911104 -4.481568 7.852320 206301
2 -9.192960 2.145024 -1.800288 206310
0 -0.114912 0.536256 9.499392 206519
1 -2.911104 -4.443264 7.928928 206526
2 -9.192960 2.145024 -1.800288 206537
0 0.191520 0.612864 9.384480 206744
1 -3.026016 -4.404960 7.928928 206750
2 -9.154656 2.145024 -1.800288 206758
0 -0.038304 0.689472 9.461088 206966
1 -2.949408 -4.290048 7.852320 206973
2 -9.154656 2.183328 -1.915200 206980
0 0.000000 0.612864 9.461088 207187
1 -2.949408 -4.328352 7.928928 207193
2 -9.154656 2.183328 -1.915200 207201
0 -0.038304 0.651168 9.576000 207408
1 -2.949408 -4.404960 7.890624 207416
2 -9.154656 2.183328 -1.915200 207425
0 -0.114912 0.574560 9.537696 207633
1 -2.949408 -4.404960 7.967232 207640
2 -9.154656 2.106720 -1.876896 207648
0 -0.038304 0.574560 9.499392 207855
1 -2.911104 -4.443264 7.852320 207863
2 -9.192960 2.106720 -1.876896 207870
0 0.153216 0.574560 9.461088 208077
1 -2.949408 -4.404960 7.928928 208085
2 -9.192960 2.106720 -1.876896 208092
0 -0.038304 0.727776 9.461088 208299
1 -2.911104 -4.366656 7.928928 208306
2 -9.192960 2.106720 -1.876896 208313
0 0.076608 0.689472 9.461088 208519
1 -2.987712 -4.404960 7.890624 208526
2 -9.192960 2.145024 -1.876896 208533
0 0.038304 0.651168 9.576000 208741
1 -2.911104 -4.251744 7.890624 208748
2 -9.192960 2.145024 -1.876896 208755
0 0.038304 0.651168 9.499392 208963
1 -2.911104 -4.481568 7.890624 208970
2 -9.192960 2.145024 -1.876896 208977
0 0.268128 0.306432 9.499392 209185
1 -2.911104 -4.366656 7.967232 209191
2 -9.192960 2.145024 -1.876896 209200
0 -0.076608 0.957600 9.576000 209408
1 -3.872800 -4.519872 7.852320 209415
2 -9.192960 2.183328 -1.838592 209424
0 -0.038304 0.842688 9.461088 209632
1 -2.949408 -4.443264 7.967232 209640
2 -9.192960 2.183328 -1.838592 209648
0 -0.038304 0.842688 9.499392 209855
1 -2.872800 -4.404960 7.928928 209864
2 -9.154656 2.106720 -1.838592 209871
0 0.038304 0.766080 9.422784 210078
1 -2.949408 -4.443264 7.852320 210085
2 -9.154656 2.106720 -1.761984 210092
0 0.038304 0.766080 9.537696 210302
1 -2.911104 -4.366656 7.928928 210308
2 -9.116352 2.183328 -1.838592 210315
0 0.000000 0.804384 9.499392 210521
1 -2.949408 -4.366656 7.967232 210528
2 -9.116352 2.183328 -1.838592 210536
0 0.114912 0.612864 9.499392 210742
1 -2.911104 -4.404960 7.967232 210749
2 -9.154656 2.183328 -1.838592 210757
0 0.000000 0.497952 9.499392 210967
1 -2.911104 -4.481568 7.967232 210974
2 -9.154656 2.106720 -1.800288 210983
0 0.000000 0.689472 9.499392 211192
1 -2.949408 -4.519872 7.928928 211200
2 -9.154656 2.106720 -1.800288 211206
0 0.038304 0.727776 9.461088 211414
1 -2.872800 -4.481568 7.890624 211422
2 -9.154656 2.106720 -1.800288 211431
0 0.038304 0.766080 9.537696 211639
1 -2.949408 -4.404960 7.890624 211647
2 -9.154656 2.106720 -1.800288 211655
0 0.000000 0.651168 9.461088 211863
1 -2.987712 -4.328352 7.890624 211870
2 -9.192960 2.145024 -1.800288 211877
0 -0.268128 0.727776 9.422784 212083
1 -2.834496 -4.404960 7.967232 212090
2 -9.231264 2.145024 -1.800288 212099
0 -0.268128 0.804384 9.384480 212307
1 -2.949408 -4.404960 7.890624 212316
2 -9.231264 2.145024 -1.800288 212324
0 -0.114912 0.766080 9.576000 212533
1 -2.949408 -4.404960 7.852320 212539
2 -9.231264 2.145024 -1.800288 212547
0 -0.153216 0.727776 9.537696 212754
1 -2.987712 -4.404960 7.890624 212762
2 -9.231264 2.145024 -1.800288 212769
0 -0.153216 0.689472 9.461088 212977
1 -2.949408 -4.404960 7.928928 212983
2 -9.231264 2.145024 -1.800288 212990
0 -0.153216 0.689472 9.384480 213197
1 -2.911104 -4.366656 7.890624 213205
2 -9.231264 2.145024 -1.800288 213213
0 -0.268128 0.689472 9.499392 213420
1 -2.987712 -4.290048 7.967232 213428
2 -9.231264 2.145024 -1.800288 213435
0 0.076608 0.689472 9.499392 213642
1 -2.949408 -4.481568 7.967232 213648
2 -9.231264 2.145024 -1.800288 213656
0 -0.536256 0.651168 9.461088 213862
1 -2.987712 -4.519872 7.928928 213869
2 -9.231264 2.145024 -1.800288 213876
[UNSUBSCRIBED]
Disconnected: EF:AB:B3:C6:97:40 (random) (reason 0x08)
Scanning failed to start (err -69)
0
 0.114912 0.651168 9.422784 214083
1 -2.949408 -4.443264 7.814016 214190
2 -9.231264 2.145024 -1.800288 214198
[DEVICE]: EF:AB:B3:C6:97:40 (random), AD evt type 0, AD data len 3, RSSI -67
Connected: EF:AB:B3:C6:97:40 (random)
Scanning successfully started
0 0.000000 0.651168 9.537696 214405
1 -2.949408 -4.481568 7.928928 214413
2 -9.231264 2.145024 -1.800288 214420
0 0.038304 0.766080 9.499392 214627
1 -2.872800 -4.443264 7.775712 214633
2 -9.231264 2.145024 -1.800288 214642
0 0.114912 0.727776 9.576000 214848
1 -2.872800 -4.404960 7.967232 214856
2 -9.231264 2.145024 -1.800288 214864
0 -0.076608 0.804384 9.499392 215070
1 -3.026016 -4.366656 7.967232 215077
2 -9.231264 2.145024 -1.800288 215085
0 0.038304 0.727776 9.499392 215292
1 -2.911104 -4.443264 7.890624 215300
2 -9.231264 2.145024 -1.800288 215308
0 -0.114912 0.689472 9.537696 215516
1 -2.949408 -4.443264 7.928928 215523
2 -9.231264 2.145024 -1.800288 215531
0 0.000000 0.727776 9.499392 215738
1 -2.911104 -4.366656 7.928928 215745
2 -9.231264 2.145024 -1.800288 215752
0 [ATTRIBUTE] handle 17
-0.114912 0.612864 9.461088 215960
1 -2.911104 -4.328352 7.852320 216067
2 -9.231264 2.145024 -1.800288 216073
[ATTRIBUTE] handle 19
[SUBSCRIBED]
0 0.000000 0.727776 9.499392 216281
1 -2.911104 -4.481568 7.890624 216289
2 -9.231264 2.145024 -1.800288 216297
0 0.000000 0.689472 9.461088 216504
1 -2.872800 -4.443264 7.928928 216511
2 -9.231264 2.145024 -1.800288 216520
0 -0.076608 0.612864 9.537696 216728
1 -2.949408 -4.366656 7.852320 216736
2 -9.231264 2.145024 -1.800288 216743
0 0.000000 0.689472 9.499392 216949
1 -3.026016 -4.443264 7.852320 216956
2 -9.231264 2.145024 -1.800288 216964
0 -0.076608 0.689472 9.537696 217171
1 -2.987712 -4.443264 7.890624 217177
2 -9.231264 2.145024 -1.800288 217185
0 -0.076608 0.651168 9.537696 217394
1 -2.987712 -4.443264 7.852320 217401
2 -9.154656 2.145024 -1.800288 217409
0 -0.038304 0.651168 9.461088 217618
1 -2.949408 -4.443264 7.890624 217625
2 -9.154656 2.145024 -1.761984 217632
0 -0.076608 0.651168 9.499392 217839
1 -2.872800 -4.481568 7.967232 217847
2 -9.154656 2.183328 -1.761984 217854
0 -0.383040 0.536256 9.537696 218062
1 -2.872800 -4.404960 7.890624 218069
2 -9.154656 2.183328 -1.761984 218076
0 -0.574560 0.612864 9.537696 218283
1 -2.911104 -4.443264 7.928928 218290
2 -9.154656 2.183328 -1.761984 218298
0 -0.383040 0.536256 9.461088 218506
1 -2.949408 -4.404960 7.852320 218513
2 -9.192960 2.145024 -1.761984 218520
0 -0.344736 0.612864 9.422784 218726
1 -2.911104 -4.366656 7.890624 218733
2 -9.192960 2.145024 -1.838592 218741
0 -0.383040 0.536256 9.537696 218948
1 -2.872800 -4.443264 7.890624 218955
2 -9.154656 2.145024 -1.838592 218965
0 -0.306432 0.612864 9.499392 219173
1 -2.911104 -4.443264 7.890624 219182
2 -9.154656 2.145024 -1.838592 219188
0 -0.383040 0.536256 9.499392 219395
1 -2.911104 -4.404960 7.967232 219402
2 -9.154656 2.145024 -1.838592 219411
0 -0.268128 0.612864 9.499392 219617
1 -2.911104 -4.404960 7.814016 219624
2 -9.154656 2.183328 -1.723680 219632
0 -0.383040 0.536256 9.499392 219838
1 -2.911104 -4.404960 7.890624 219846
2 -9.192960 2.183328 -1.723680 219853
0 -0.383040 0.612864 9.499392 220062
1 -2.911104 -4.443264 7.890624 220069
2 -9.192960 2.183328 -1.800288 220078
0 -0.229824 0.651168 9.499392 220286
1 -2.949408 -4.404960 7.852320 220293
2 -9.154656 2.183328 -1.800288 220301
0 -0.114912 0.651168 9.652608 220508
1 -2.872800 -4.443264 7.890624 220515
2 -9.154656 2.145024 -1.761984 220523
0 -0.383040 0.651168 9.576000 220730
1 -2.911104 -4.404960 7.928928 220738
2 -9.154656 2.145024 -1.761984 220746
0 -0.383040 0.612864 9.461088 220952
1 -2.911104 -4.481568 7.890624 220961
2 -9.154656 2.030112 -1.800288 220968
0 -0.076608 0.574560 9.499392 221175
1 -2.949408 -4.443264 7.814016 221183
2 -9.154656 2.030112 -1.800288 221190
0 -0.229824 0.574560 9.461088 221398
1 -2.911104 -4.443264 7.928928 221405
2 -9.192960 2.221632 -1.800288 221413
0 -0.306432 0.536256 9.499392 221620
1 -2.911104 -4.404960 7.967232 221627
2 -9.192960 2.221632 -1.800288 221635
0 -0.306432 0.651168 9.461088 221842
1 -2.872800 -4.404960 7.967232 221849
2 -9.269568 2.221632 -1.800288 221855
0 -0.344736 0.536256 9.576000 222063
1 -2.872800 -4.404960 7.890624 222070
2 -9.269568 2.183328 -1.800288 222078
0 -0.344736 0.574560 9.461088 222285
1 -2.911104 -4.481568 7.890624 222292
2 -9.154656 2.183328 -1.800288 222300
0 -0.229824 0.612864 9.461088 222507
1 -2.872800 -4.404960 7.890624 222516
2 -9.154656 2.183328 -1.800288 222523
0 -0.229824 0.574560 9.537696 222730
1 -2.911104 -4.443264 7.890624 222737
2 -9.154656 2.183328 -1.761984 222744
0 -0.153216 0.574560 9.461088 222952
1 -2.834496 -4.443264 7.814016 222960
2 -9.116352 2.183328 -1.761984 222967
0 -0.229824 0.612864 9.499392 223174
1 -2.834496 -4.519872 7.852320 223181
2 -9.116352 2.106720 -1.838592 223188
0 -0.383040 0.574560 9.499392 223394
1 -2.834496 -4.558176 7.890624 223402
2 -9.116352 2.106720 -1.838592 223411
0 -0.229824 0.536256 9.461088 223618
1 -2.834496 -4.481568 7.890624 223625
2 -9.116352 2.106720 -1.838592 223632
0 -0.153216 0.536256 9.422784 223839
1 -2.911104 -4.481568 7.814016 223846
2 -9.154656 2.145024 -1.915200 223853
0 -0.153216 0.612864 9.576000 224062
1 -2.872800 -4.443264 7.890624 224069
2 -9.192960 2.145024 -1.915200 224075
0 -0.229824 0.612864 9.499392 224282
1 -2.949408 -4.366656 7.775712 224290
2 -9.192960 2.145024 -1.915200 224297
0 -0.191520 0.574560 9.537696 224504
1 -2.911104 -4.404960 7.852320 224511
2 -9.192960 2.106720 -1.838592 224519
0 -0.383040 0.612864 9.576000 224726
1 -2.987712 -4.443264 7.928928 224733
2 -9.269568 2.106720 -1.838592 224740
0 -0.153216 0.651168 9.499392 224947
1 -2.872800 -4.481568 7.814016 224954
2 -9.269568 2.145024 -1.838592 224963
0 -0.038304 0.727776 9.499392 225170
1 -2.834496 -4.481568 7.928928 225177
2 -9.154656 2.145024 -1.838592 225184
0 -0.038304 0.612864 9.537696 225391
1 -2.872800 -4.404960 7.890624 225398
2 -9.154656 2.145024 -1.723680 225407
0 -0.153216 0.574560 9.537696 225614
1 -2.872800 -4.481568 7.814016 225622
2 -9.154656 2.145024 -1.723680 225628
0 -0.038304 0.651168 9.461088 225835
1 -2.872800 -4.481568 7.775712 225842
2 -9.154656 2.145024 -1.723680 225848
0 -0.038304 0.612864 9.499392 226055
1 -2.911104 -4.404960 7.928928 226063
2 -9.154656 2.145024 -1.723680 226070
0 -0.038304 0.651168 9.499392 226277
1 -2.911104 -4.404960 7.852320 226283
2 -9.154656 2.145024 -1.723680 226290
[UNSUBSCRIBED]
Disconnected: EF:AB:B3:C6:97:40 (random) (reason 0x08)
Scanning failed to start (err -69)
0 -0.038304 0.651168 9.461088 226496
1 -2.949408 -4.404960 7.967232 226505
2 -9.154656 2.145024 -1.723680 226514
0 -0.038304 0.612864 9.499392 226720
1 -2.872800 -4.481568 7.967232 226727
2 -9.154656 2.145024 -1.723680 226736
0 -0.038304 0.689472 9.499392 226943
1 -2.834496 -4.481568 7.890624 226950
2 -9.154656 2.145024 -1.723680 226958
[DEVICE]: EF:AB:B3:C6:97:40 (random), AD evt type 0, AD data len 3, RSSI -68
Connected: EF:AB:B3:C6:97:40 (random)
Scanning successfully started
0 0.000000 0.689472 9.422784 227166
1 -2.872800 -4.404960 7.852320 227174
2 -9.154656 2.145024 -1.723680 227180
0 0.000000 0.612864 9.576000 227387
1 -2.872800 -4.481568 7.852320 227394
2 -9.154656 2.145024 -1.723680 227402
0 -0.076608 0.689472 9.499392 227610
1 -2.872800 -4.481568 7.852320 227618
2 -9.154656 2.145024 -1.723680 227624
0 -0.038304 0.612864 9.576000 227831
1 -2.834496 -4.596480 7.852320 227839
2 -9.154656 2.145024 -1.723680 227846
0 -0.038304 0.651168 9.537696 228052
1 -2.872800 -4.519872 7.814016 228061
2 -9.154656 2.145024 -1.723680 228069
0 -0.038304 0.574560 9.461088 228278
1 -2.949408 -4.596480 7.890624 228285
2 -9.154656 2.145024 -1.723680 228293
0 -0.038304 0.612864 9.461088 228499
1 -2.872800 -4.481568 7.890624 228507
2 -9.154656 2.145024 -1.723680 228515
0 0.038304 0.612864 9.422784 228722
1 -2.949408 -4.443264 7.852320 228728
2 -9.154656 2.145024 -1.723680 228735
0 0.038304 0.612864 9.576000 228942
1 -2.911104 -4.404960 7.852320 228949
2 -9.154656 2.145024 -1.723680 228956
0 -0.038304 0.689472 9.652608 229164
1 -2.872800 -4.366656 7.852320 229171
2 -9.154656 2.145024 -1.723680 229178
0 -0.229824 0.612864 9.652608 229384
1 -2.949408 -4.366656 7.967232 229392
2 -9.154656 2.145024 -1.723680 229399
0 -0.191520 0.574560 9.537696 229606
1 -2.911104 -4.519872 7.852320 229614
2 -9.154656 2.145024 -1.723680 229621
0 -0.038304 0.651168 9.576000 229828
1 -2.872800 -4.519872 7.775712 229835
2 -9.154656 2.145024 -1.723680 229844
0 0.038304 0.612864 9.499392 230050
1 -2.949408 -4.481568 7.775712 230057
2 -9.154656 2.145024 -1.723680 230065
0 0.038304 0.612864 9.537696 230271
1 -2.796192 -4.443264 7.852320 230278
2 -9.154656 2.145024 -1.723680 230286
0 -0.114912 0.536256 9.499392 230493
1 -2.834496 -4.519872 7.967232 230500
2 -9.154656 2.145024 -1.723680 230509
0 -0.076608 0.689472 9.461088 230716
1 -2.911104 -4.519872 7.814016 230724
2 -9.154656 2.145024 -1.723680 230731
0 -0.038304 0.651168 9.537696 230938
1 -2.949408 -4.443264 7.814016 230945
2 -9.154656 2.145024 -1.723680 230953
0 -0.268128 0.689472 9.537696 231159
1 -2.872800 -4.443264 7.890624 231166
2 -9.154656 2.145024 -1.723680 231173
0 0.038304 0.651168 9.422784 231382
1 -2.949408 -4.404960 7.852320 231389
2 -9.154656 2.145024 -1.723680 231396
0 -0.076608 0.651168 9.576000 231603
1 -2.911104 -4.404960 7.890624 231611
2 -9.154656 2.145024 -1.723680 231618
0 0.038304 0.651168 9.384480 231824
1 -2.949408 -4.443264 7.890624 231831
2 -9.154656 2.145024 -1.723680 231839
0 -0.076608 0.689472 9.537696 232046
1 -2.949408 -4.404960 7.852320 232052
2 -9.154656 2.145024 -1.723680 232059
0 -0.153216 0.727776 9.499392 232266
1 -2.834496 -4.481568 7.928928 232272
2 -9.154656 2.145024 -1.723680 232280
0 0.153216 0.727776 9.537696 232487
1 -2.872800 -4.481568 7.928928 232494
2 -9.154656 2.145024 -1.723680 232501
0 0.000000 0.689472 9.614304 232708
1 -2.911104 -4.404960 7.928928 232715
2 -9.154656 2.145024 -1.723680 232724
0 0.000000 0.612864 9.499392 232931
1 -2.872800 -4.443264 7.852320 232937
2 -9.154656 2.145024 -1.723680 232944
0 0.038304 0.612864 9.499392 233151
1 -2.911104 -4.481568 7.890624 233159
2 -9.154656 2.145024 -1.723680 233169
0 -0.076608 0.689472 9.537696 233376
1 -2.872800 -4.366656 7.890624 233383
2 -9.154656 2.145024 -1.723680 233390
0 0.076608 0.612864 9.461088 233597
1 -2.949408 -4.443264 7.890624 233604
2 -9.154656 2.145024 -1.723680 233613
0 -0.114912 0.651168 9.576000 233821
1 -2.987712 -4.519872 7.890624 233829
2 -9.154656 2.145024 -1.723680 233836
0 -0.038304 0.651168 9.422784 234043
1 -2.987712 -4.443264 7.890624 234049
2 -9.154656 2.145024 -1.723680 234057
0 -0.421344 0.651168 9.499392 234265
1 -2.949408 -4.481568 7.814016 234272
2 -9.154656 2.145024 -1.723680 234279
0 0.038304 0.689472 9.384480 234486
1 -3.026016 -4.443264 7.852320 234493
2 -9.154656 2.145024 -1.723680 234500
0 -0.114912 0.727776 9.499392 234707
1 -2.834496 -4.481568 7.775712 234715
2 -9.154656 2.145024 -1.723680 234723
0 -0.114912 0.612864 9.499392 234930
1 -2.872800 -4.481568 7.928928 234936
2 -9.154656 2.145024 -1.723680 234944
0 -0.153216 0.574560 9.499392 235152
1 -2.872800 -4.404960 7.852320 235159
2 -9.154656 2.145024 -1.723680 235167
0 -0.038304 0.689472 9.461088 235374
1 -2.834496 -4.519872 7.890624 235380
2 -9.154656 2.145024 -1.723680 235387
0 -0.076608 0.651168 9.499392 235594
1 -2.949408 -4.481568 7.852320 235601
2 -9.154656 2.145024 -1.723680 235609
0 0.000000 0.612864 9.499392 235816
1 -2.834496 -4.443264 7.814016 235822
2 -9.154656 2.145024 -1.723680 235831
0 -0.076608 0.727776 9.499392 236037
1 -2.872800 -4.366656 7.852320 236044
2 -9.154656 2.145024 -1.723680 236052
0 0.000000 0.651168 9.422784 236259
1 -2.911104 -4.519872 7.814016 236266
2 -9.154656 2.145024 -1.723680 236273
0 -0.038304 0.689472 9.614304 236479
1 -2.834496 -4.404960 7.814016 236486
2 -9.154656 2.145024 -1.723680 236493
0 -0.114912 0.689472 9.461088 236700
1 -2.911104 -4.519872 7.814016 236707
2 -9.154656 2.145024 -1.723680 236716
0 -0.076608 0.689472 9.537696 236923
1 -2.872800 -4.481568 7.928928 236930
2 -9.154656 2.145024 -1.723680 236937
0 -0.038304 0.612864 9.537696 237143
1 -2.872800 -4.443264 7.775712 237150
2 -9.154656 2.145024 -1.723680 237157
0 0.076608 0.612864 9.461088 237364
1 -2.911104 -4.443264 7.852320 237371
2 -9.154656 2.145024 -1.723680 237377
0 0.076608 0.651168 9.537696 237586
1 -2.872800 -4.481568 7.890624 237593
2 -9.154656 2.145024 -1.723680 237600
0 0.000000 0.651168 9.499392 237807
1 -2.834496 -4.481568 7.890624 237815
2 -9.154656 2.145024 -1.723680 237822
0 0.000000 0.612864 9.537696 238029
1 -2.834496 -4.443264 7.852320 238035
2 -9.154656 2.145024 -1.723680 238042
0 0.000000 0.727776 9.537696 238250
1 -2.987712 -4.519872 7.890624 238257
2 -9.154656 2.145024 -1.723680 238265
0 -0.076608 0.612864 9.461088 238472
1 -2.949408 -4.404960 7.852320 238479
2 -9.154656 2.145024 -1.723680 238486
0 0.038304 0.612864 9.576000 238693
1 -2.834496 -4.519872 7.852320 238700
2 -9.154656 2.145024 -1.723680 238709
0 -0.076608 0.689472 9.537696 238916
1 -2.949408 -4.404960 7.928928 238923
2 -9.154656 2.145024 -1.723680 238930
0 -0.076608 0.574560 9.499392 239136
1 -2.872800 -4.481568 7.852320 239144
2 -9.154656 2.145024 -1.723680 239153
0 -0.114912 0.612864 9.537696 239362
1 -2.911104 -4.481568 7.852320 239369
2 -9.154656 2.145024 -1.723680 239376
0 -0.191520 0.651168 9.499392 239583
1 -2.949408 -4.481568 7.928928 239589
2 -9.154656 2.145024 -1.723680 239596
0 0.038304 0.612864 9.537696 239803
1 -2.949408 -4.481568 7.890624 239811
2 -9.154656 2.145024 -1.723680 239818
0 -0.191520 0.651168 9.461088 240025
1 -2.834496 -4.519872 7.852320 240033
2 -9.154656 2.145024 -1.723680 240040
0 -0.076608 0.651168 9.499392 240247
1 -2.796192 -4.443264 7.852320 240255
2 -9.154656 2.145024 -1.723680 240262
0 0.076608 0.689472 9.499392 240469
1 -2.911104 -4.443264 7.814016 240476
2 -9.154656 2.145024 -1.723680 240483
0 -0.076608 0.612864 9.499392 240690
1 -2.949408 -4.519872 7.890624 240697
2 -9.154656 2.145024 -1.723680 240705
0 0.000000 0.727776 9.537696 240913
1 -2.872800 -4.519872 7.967232 240920
2 -9.154656 2.145024 -1.723680 240926
0 0.000000 0.612864 9.537696 241133
1 -2.949408 -4.519872 7.737408 241139
2 -9.154656 2.145024 -1.723680 241146
0 0.000000 0.612864 9.499392 241353
1 -2.911104 -4.558176 7.852320 241359
2 -9.154656 2.145024 -1.723680 241366
0 -0.038304 0.612864 9.461088 241573
1 -2.834496 -4.519872 7.775712 241579
2 -9.154656 2.145024 -1.723680 241586
0 -0.038304 0.612864 9.537696 241792
1 -2.834496 -4.519872 7.852320 241799
2 -9.154656 2.145024 -1.723680 241806
0 -0.038304 0.574560 9.499392 242014
1 -2.872800 -4.558176 7.775712 242021
2 -9.154656 2.145024 -1.723680 242027
0 -0.076608 0.536256 9.461088 242234
1 -2.719584 -4.558176 7.814016 242241
2 -9.154656 2.145024 -1.723680 242247
0 0.000000 0.536256 9.461088 242454
1 -2.834496 -4.558176 7.852320 242461
2 -9.154656 2.145024 -1.723680 242468
0 -0.038304 0.574560 9.499392 242675
1 -2.872800 -4.443264 7.852320 242682
2 -9.154656 2.145024 -1.723680 242688
0 -0.038304 0.574560 9.499392 242895
1 -2.911104 -4.481568 7.852320 242902
2 -9.154656 2.145024 -1.723680 242910
0 -0.038304 0.612864 9.537696 243117
1 -2.949408 -4.519872 7.852320 243124
2 -9.154656 2.145024 -1.723680 243133
0 -0.076608 0.612864 9.614304 243342
1 -2.911104 -4.481568 7.890624 243349
2 -9.154656 2.145024 -1.723680 243359
0 0.000000 0.497952 9.537696 243568
1 -2.834496 -4.481568 7.814016 243575
2 -9.154656 2.145024 -1.723680 243582
0 -0.038304 0.574560 9.499392 243789
1 -2.911104 -4.481568 7.928928 243796
2 -9.154656 2.145024 -1.723680 243804
0 -0.076608 0.574560 9.461088 244013
1 -2.796192 -4.596480 7.852320 244020
2 -9.154656 2.145024 -1.723680 244026
0 0.000000 0.574560 9.461088 244233
1 -2.872800 -4.558176 7.852320 244240
2 -9.154656 2.145024 -1.723680 244247
0 -0.076608 0.651168 9.422784 244454
1 -2.796192 -4.634784 7.814016 244461
2 -9.154656 2.145024 -1.723680 244468
0 0.306432 0.574560 9.499392 244675
1 -2.872800 -4.481568 7.890624 244681
2 -9.154656 2.145024 -1.723680 244688
0 -0.038304 0.651168 9.537696 244895
1 -2.911104 -4.596480 7.814016 244902
2 -9.154656 2.145024 -1.723680 244912
0 0.076608 0.689472 9.422784 245119
1 -2.911104 -4.519872 7.852320 245125
2 -9.154656 2.145024 -1.723680 245133
0 -0.038304 0.727776 9.499392 245340
1 -2.911104 -4.558176 7.852320 245347
2 -9.154656 2.145024 -1.723680 245355
0 -0.038304 0.689472 9.461088 245561
1 -2.872800 -4.481568 7.775712 245569
2 -9.154656 2.145024 -1.723680 245577
0 0.000000 0.612864 9.461088 245783
1 -2.796192 -4.519872 7.852320 245790
2 -9.154656 2.145024 -1.723680 245797
0 -0.076608 0.612864 9.576000 246003
1 -2.872800 -4.481568 7.852320 246012
2 -9.154656 2.145024 -1.723680 246019
0 0.038304 0.651168 9.537696 246226
1 -2.719584 -4.558176 7.852320 246232
2 -9.154656 2.145024 -1.723680 246239
0 0.038304 0.651168 9.499392 246446
1 -2.834496 -4.519872 7.775712 246453
2 -9.154656 2.145024 -1.723680 246462
Discover complete
Disconnected: EF:AB:B3:C6:97:40 (random) (reason 0x08)
Scanning failed to start (err[ DEVICE]: EF:AB:B3:C6:97:40 (random), AD evt type 0, AD data len 3, RSSI -69
Create conn failed (err -22)
Scanning successfully started
0-69)
[DEVICE]: EF:AB:B3:C6:97:40 (random), AD evt type 0, AD data len 3, RSSI -68
0 0.000000 0.497952 9.499392 246671
1 -2.834496 -4.596480 7.852320 246778
2 -9.154656 2.145024 -1.723680 246786
Connected: EF:AB:B3:C6:97:40 (random)
Scanning successfully started
0 -0.076608 0.651168 9.537696 246992
1 -2.796192 -4.596480 7.814016 246999
2 -9.154656 2.145024 -1.723680 247006
0 0.038304 0.574560 9.422784 247212
1 -2.872800 -4.519872 7.890624 247219
2 -9.154656 2.145024 -1.723680 247228
0 -0.076608 0.574560 9.537696 247436
1 -2.834496 -4.519872 7.852320 247443
2 -9.154656 2.145024 -1.723680 247450
0 -0.076608 0.651168 9.461088 247657
1 -2.834496 -4.596480 7.852320 247666
2 -9.154656 2.145024 -1.723680 247672
0 0.000000 0.536256 9.499392 247879
1 -2.911104 -4.519872 7.890624 247886
2 -9.154656 2.145024 -1.723680 247893
0 -0.076608 0.536256 9.576000 248102
1 -2.757888 -4.519872 7.814016 248110
2 -9.154656 2.145024 -1.723680 248118
0 -0.076608 0.651168 9.576000 248326
1 -2.834496 -4.519872 7.814016 248333
2 -9.154656 2.145024 -1.723680 248340
0 0.114912 0.574560 9.499392 248546
1 -2.911104 -4.519872 7.852320 248553
2 -9.154656 2.145024 -1.723680 248561
0 -0.038304 0.574560 9.499392 248768
1 -2.911104 -4.519872 7.890624 248775
2 -9.154656 2.145024 -1.723680 248782
0 -0.038304 0.651168 9.537696 248989
1 -2.796192 -4.519872 7.775712 248996
2 -9.154656 2.145024 -1.723680 249003
0 0.000000 0.536256 9.614304 249211
1 -2.796192 -4.788000 7.814016 249218
2 -9.154656 2.145024 -1.723680 249225
0 0.000000 0.497952 9.537696 249432
1 -2.757888 -4.596480 8.043840 249439
2 -9.154656 2.145024 -1.723680 249448
0 0.000000 0.651168 9.461088 249656
1 -2.796192 -4.519872 7.852320 249664
2 -9.154656 2.145024 -1.723680 249671
0 -0.076608 0.651168 9.422784 249878
1 -2.872800 -4.558176 7.928928 249884
2 -9.154656 2.145024 -1.723680 249891
0 0.076608 0.574560 9.576000 250098
1 -2.872800 -4.596480 7.852320 250105
2 -9.154656 2.145024 -1.723680 250113
0 0.038304 0.536256 9.576000 250320
1 -2.757888 -4.634784 7.814016 250326
2 -9.154656 2.145024 -1.723680 250334
0 0.000000 0.612864 9.461088 250541
1 -2.872800 -4.673088 7.852320 250548
2 -9.154656 2.145024 -1.723680 250555
0 -0.038304 0.612864 9.499392 250763
1 -2.872800 -4.634784 7.737408 250770
2 -9.154656 2.145024 -1.723680 250778
0 0.038304 0.574560 9.537696 250984
1 -2.872800 -4.596480 7.852320 250991
2 -9.154656 2.145024 -1.723680 251000
0 0.038304 0.497952 9.576000 251207
1 -2.834496 -4.558176 7.775712 251214
2 -9.154656 2.145024 -1.723680 251221
0 -0.076608 0.574560 9.576000 251428
1 -2.796192 -4.634784 7.775712 251435
2 -9.154656 2.145024 -1.723680 251442
0 -0.114912 0.574560 9.576000 251649
1 -2.834496 -4.634784 7.852320 251656
2 -9.154656 2.145024 -1.723680 251665
0 -0.038304 0.574560 9.537696 251872
1 -2.834496 -4.596480 7.814016 251879
2 -9.154656 2.145024 -1.723680 251889
0 -0.038304 0.574560 9.384480 252096
1 -2.911104 -4.673088 7.814016 252103
2 -9.154656 2.145024 -1.723680 252111
0 -0.038304 0.612864 9.537696 252317
1 -2.796192 -4.634784 7.814016 252324
2 -9.154656 2.145024 -1.723680 252332
0 0.000000 0.612864 9.537696 252541
1 -2.796192 -4.634784 7.775712 252548
2 -9.154656 2.145024 -1.723680 252555
0 0.038304 0.651168 9.537696 252763
1 -2.834496 -4.596480 7.852320 252770
2 -9.154656 2.145024 -1.723680 252776
0 -0.076608 0.536256 9.537696 252983
1 -2.834496 -4.558176 7.775712 252990
2 -9.154656 2.145024 -1.723680 252998
0 -0.076608 0.536256 9.537696 253205
1 -2.796192 -4.634784 7.814016 253213
2 -9.154656 2.145024 -1.723680 253221
0 -0.076608 0.536256 9.499392 253428
1 -2.834496 -4.634784 7.699104 253436
2 -9.154656 2.145024 -1.723680 253443
0 -0.076608 0.574560 9.537696 253649
1 -2.757888 -4.749696 7.775712 253656
2 -9.154656 2.145024 -1.723680 253666
0 -0.076608 0.574560 9.461088 253873
1 -2.834496 -4.558176 7.775712 253880
2 -9.154656 2.145024 -1.723680 253887
0 0.000000 0.574560 9.499392 254094
1 -2.872800 -4.558176 7.814016 254100
2 -9.154656 2.145024 -1.723680 254107
0 -0.076608 0.574560 9.499392 254315
1 -2.834496 -4.558176 7.814016 254322
2 -9.154656 2.145024 -1.723680 254328
0 -0.114912 0.612864 9.537696 254535
1 -2.834496 -4.711392 7.814016 254541
2 -9.154656 2.145024 -1.723680 254548
0 -0.076608 0.574560 9.461088 254755
1 -2.796192 -4.596480 7.814016 254763
2 -9.154656 2.145024 -1.723680 254770
0 0.000000 0.536256 9.576000 254976
1 -2.796192 -4.558176 7.852320 254983
2 -9.154656 2.145024 -1.723680 254989
0 0.000000 0.574560 9.537696 255196
1 -2.872800 -4.596480 7.814016 255206
2 -9.154656 2.145024 -1.723680 255216
0 -0.038304 0.574560 9.461088 255425
1 -2.834496 -4.481568 7.890624 255432
2 -9.154656 2.145024 -1.723680 255439
0 -0.076608 0.536256 9.537696 255646
1 -2.796192 -4.596480 7.814016 255654
2 -9.154656 2.145024 -1.723680 255662
0 -0.038304 0.612864 9.499392 255869
1 -2.872800 -4.634784 7.814016 255876
2 -9.154656 2.145024 -1.723680 255885
0 -0.114912 0.536256 9.461088 256094
1 -2.796192 -4.519872 7.852320 256101
2 -9.154656 2.145024 -1.723680 256108
0 -0.114912 0.536256 9.537696 256315
1 -2.834496 -4.558176 7.775712 256323
2 -9.154656 2.145024 -1.723680 256331
0 -0.038304 0.612864 9.576000 256538
1 -2.872800 -4.596480 7.775712 256544
2 -9.154656 2.145024 -1.723680 256551
0 -0.038304 0.612864 9.499392 256759
1 -2.872800 -4.481568 7.852320 256766
2 -9.154656 2.145024 -1.723680 256773
0 -0.153216 0.612864 9.499392 256980
1 -2.796192 -4.558176 7.814016 256988
2 -9.154656 2.145024 -1.723680 256995
0 -0.229824 0.651168 9.576000 257204
1 -2.872800 -4.634784 7.814016 257211
2 -9.154656 2.145024 -1.723680 257218
0 -0.114912 0.459648 9.537696 257425
1 -2.796192 -4.634784 7.928928 257432
2 -9.154656 2.145024 -1.723680 257440
0 -0.038304 0.459648 9.461088 257647
1 -2.834496 -4.634784 7.852320 257654
2 -9.154656 2.145024 -1.723680 257662
0 0.000000 0.612864 9.461088 257869
1 -2.872800 -4.596480 7.890624 257876
2 -9.154656 2.145024 -1.723680 257883
0 -0.191520 0.574560 9.499392 258090
1 -2.872800 -4.558176 7.775712 258098
2 -9.154656 2.145024 -1.723680 258104
0 -0.191520 0.459648 9.576000 258311
1 -2.796192 -4.673088 7.775712 258318
2 -9.154656 2.145024 -1.723680 258326
0 -0.076608 0.459648 9.499392 258534
1 -2.796192 -4.673088 7.814016 258542
2 -9.154656 2.145024 -1.723680 258548
0 -0.153216 0.536256 9.576000 258755
1 -2.834496 -4.634784 7.775712 258763
2 -9.154656 2.145024 -1.723680 258770
0 -0.191520 0.612864 9.461088 258976
1 -2.834496 -4.596480 7.852320 258983
2 -9.154656 2.145024 -1.723680 258991
0 -0.268128 0.612864 9.537696 259198
1 -2.834496 -4.596480 7.775712 259205
2 -9.154656 2.145024 -1.723680 259213
0 -0.191520 0.612864 9.499392 259420
1 -2.796192 -4.596480 7.852320 259427
2 -9.154656 2.145024 -1.723680 259433
0 -0.229824 0.612864 9.537696 259640
1 -2.834496 -4.558176 7.775712 259648
2 -9.154656 2.145024 -1.723680 259655
0 0.000000 0.612864 9.422784 259863
1 -2.757888 -4.634784 7.775712 259870
2 -9.154656 2.145024 -1.723680 259878
0 0.000000 0.612864 9.499392 260085
1 -2.757888 -4.519872 7.852320 260092
2 -9.154656 2.145024 -1.723680 260100
0 -0.229824 0.651168 9.537696 260310
1 -2.757888 -4.596480 7.890624 260317
2 -9.154656 2.145024 -1.723680 260323
0 -0.076608 0.536256 9.537696 260530
1 -2.796192 -4.596480 7.737408 260539
2 -9.154656 2.145024 -1.723680 260546
0 -0.076608 0.574560 9.537696 260752
1 -2.834496 -4.673088 7.814016 260760
2 -9.154656 2.145024 -1.723680 260768
0 -0.038304 0.651168 9.537696 260975
1 -2.796192 -4.634784 7.814016 260983
2 -9.154656 2.145024 -1.723680 260990
0 -0.076608 0.574560 9.499392 261197
1 -2.911104 -4.558176 7.737408 261204
2 -9.154656 2.145024 -1.723680 261211
0 -0.153216 0.536256 9.537696 261420
1 -2.872800 -4.596480 7.775712 261428
2 -9.154656 2.145024 -1.723680 261435
0 -0.038304 0.727776 9.652608 261642
1 -2.834496 -4.634784 7.890624 261649
2 -9.154656 2.145024 -1.723680 261657
0 0.038304 0.689472 9.537696 261864
1 -2.796192 -4.596480 7.814016 261871
2 -9.154656 2.145024 -1.723680 261878
0 0.000000 0.689472 9.537696 262084
1 -2.796192 -4.558176 7.852320 262092
2 -9.154656 2.145024 -1.723680 262099
0 -0.038304 0.574560 9.499392 262306
1 -2.834496 -4.634784 7.775712 262313
2 -9.154656 2.145024 -1.723680 262321
0 0.000000 0.574560 9.537696 262528
1 -2.834496 -4.596480 7.814016 262536
2 -9.154656 2.145024 -1.723680 262543
0 0.000000 0.536256 9.499392 262750
1 -2.757888 -4.634784 7.852320 262757
2 -9.154656 2.145024 -1.723680 262765
0 -0.076608 0.536256 9.499392 262976
1 -2.872800 -4.596480 7.737408 262983
2 -9.154656 2.145024 -1.723680 262990
0 -0.038304 0.612864 9.499392 263196
1 -2.911104 -4.558176 7.775712 263203
2 -9.154656 2.145024 -1.723680 263210
0 -0.038304 0.612864 9.576000 263418
1 -2.834496 -4.596480 7.814016 263425
2 -9.154656 2.145024 -1.723680 263432
0 -0.076608 0.651168 9.461088 263639
1 -2.911104 -4.558176 7.852320 263646
2 -9.154656 2.145024 -1.723680 263654
0 -0.038304 0.574560 9.499392 263864
1 -2.872800 -4.596480 7.814016 263872
2 -9.154656 2.145024 -1.723680 263879
0 -0.038304 0.574560 9.499392 264085
1 -2.834496 -4.596480 7.775712 264092
2 -9.154656 2.145024 -1.723680 264099
0 -0.038304 0.574560 9.461088 264306
1 -2.796192 -4.634784 7.775712 264314
2 -9.154656 2.145024 -1.723680 264321
Discover complete
Disconnected: EF:AB:B3:C6:97:40 (random) (reason 0x08)
Scanning failed to start (err -69)
[DEVICE]: EF:AB:B3:C6:97:40 (random), AD evt type 0, AD data len 3, RSSI -69
Connected: EF:AB:B3:C6:97:40 (random)
Scanning successfully started
0 -0.114912 0.574560 9.576000 264527
1 -2.911104 -4.634784 7.852320 264535
2 -9.154656 2.145024 -1.723680 264541
0 0.000000 0.574560 9.461088 264748
1 -2.796192 -4.634784 7.737408 264755
2 -9.154656 2.145024 -1.723680 264765
0 -0.076608 0.574560 9.461088 264973
1 -2.834496 -4.634784 7.775712 264980
2 -9.154656 2.145024 -1.723680 264988
0 -0.114912 0.612864 9.461088 265196
1 -2.872800 -4.596480 7.775712 265210
2 -9.154656 2.145024 -1.723680 265218
0 -0.114912 0.612864 9.537696 265425
1 -2.911104 -4.634784 7.814016 265432
2 -9.154656 2.145024 -1.723680 265442
0 -0.076608 0.612864 9.576000 265651
1 -2.872800 -4.673088 7.814016 265661
2 -9.154656 2.145024 -1.723680 265668
0 -0.076608 0.574560 9.537696 265875
1 -2.911104 -4.634784 7.852320 265882
2 -9.154656 2.145024 -1.723680 265889
0 -0.076608 0.574560 9.422784 266096
1 -2.872800 -4.596480 7.852320 2Discover complete
Disconnected: EF:AB:B3:C6:97:40 (random) (reason 0x3e)
Scanning failed to start (err -69)
66102
2 -9.154656 2.145024 -1.723680 266217
0 -0.038304 0.651168 9.537696 266424
1 -2.911104 -4.634784 7.775712 266[DEVICE]: EF:AB:B3:C6:97:40 (random), AD evt type 0, AD data len 3, RSSI -65
432
2 -9.Connected: EF:AB:B3:C6:97:40 (random)
Scanning successfully started
154656 2.145024 -1.723680 266542
0 -0.076608 0.574560 9.461088 266850
1 -2.796192 -4.634784 7.814016 266857
2 -9.154656 2.145024 -1.723680 266865
0 -0.114912 0.574560 9.499392 267072
1 -2.834496 -4.673088 7.737408 267079
2 -9.154656 2.145024 -1.723680 267086
0 -0.114912 0.574560 9.499392 267292
1 -2.834496 -4.558176 7.737408 267299
2 -9.154656 2.145024 -1.723680 267306
0 -0.038304 0.612864 9.537696 267513
1 -2.911104 -4.673088 7.775712 267520
2 -9.154656 2.145024 -1.723680 267528
0 -0.038304 0.574560 9.461088 267735
1 -2.872800 -4.673088 7.660800 267742
2 -9.154656 2.145024 -1.723680 267748
0 -0.114912 0.536256 9.537696 267955
1 -2.796192 -4.596480 7.775712 267963
2 -9.154656 2.145024 -1.723680 267971
[ATTRIBUTE] handle 17
0 0.000000 0.574560 9.499392 268178
1 -2.719584 -4.634784 7.775712 268184
2 -9.154656 2.145024 -1.723680 268191
0 0.000000 0.536256 9.576000 268398
1 -2.872800 -4.711392 7.852320 268404
2 -9.154656 2.145024 -1.723680 268414
0 -0.153216 0.536256 9.537696 268621
1 -2.834496 -4.558176 7.890624 268628
2 -9.154656 2.145024 -1.723680 268636
[ATTRIBUTE] handle 19
[SUBSCRIBED]
0 -0.038304 0.651168 9.499392 268842
1 -2.834496 -4.634784 7.852320 268850
2 -9.154656 2.145024 -1.723680 268857
0 -0.038304 0.651168 9.422784 269065
1 -2.834496 -4.673088 7.890624 269072
2 -9.154656 2.145024 -1.723680 269079
0 -0.038304 0.536256 9.461088 269286
1 -2.796192 -4.596480 7.775712 269293
2 -9.154656 2.145024 -1.723680 269299
0 -0.076608 0.612864 9.422784 269506
1 -2.872800 -4.634784 7.775712 269513
2 -9.154656 2.145024 -1.723680 269520
0 -0.038304 0.536256 9.499392 269727
1 -2.796192 -4.673088 7.852320 269735
2 -9.154656 2.145024 -1.723680 269742
0 -0.114912 0.574560 9.461088 269949
1 -2.796192 -4.711392 7.814016 269956
2 -9.154656 2.145024 -1.723680 269965
0 -0.038304 0.574560 9.461088 270172
1 -2.834496 -4.673088 7.737408 270179
2 -9.154656 2.145024 -1.723680 270186
0 -0.076608 0.612864 9.461088 270393
1 -2.796192 -4.596480 7.814016 270399
2 -9.231264 2.259936 -1.723680 270406
0 -0.038304 0.651168 9.537696 270613
1 -2.834496 -4.673088 7.775712 270620
2 -9.231264 2.259936 -1.838592 270627
0 0.000000 0.536256 9.499392 270834
1 -2.757888 -4.596480 7.814016 270841
2 -9.231264 2.259936 -1.838592 270848
0 -0.114912 0.612864 9.499392 271054
1 -2.872800 -4.634784 7.852320 271063
2 -9.231264 2.259936 -1.838592 271072
0 -0.038304 0.651168 9.499392 271281
1 -2.872800 -4.634784 7.852320 271287
2 -9.192960 2.183328 -1.838592 271295
0 -0.114912 0.536256 9.499392 271502
1 -2.834496 -4.558176 7.775712 271509
2 -9.269568 2.183328 -1.800288 271517
0 -0.114912 0.612864 9.576000 271724
1 -2.872800 -4.749696 7.775712 271731
2 -9.269568 2.183328 -1.800288 271738
0 -0.076608 0.651168 9.576000 271944
1 -2.796192 -4.634784 7.775712 271951
2 -9.269568 2.183328 -1.800288 271960
0 -0.076608 0.536256 9.499392 272167
1 -2.872800 -4.673088 7.852320 272174
2 -9.269568 2.183328 -1.800288 272183
0 -0.076608 0.536256 9.499392 272392
1 -2.834496 -4.634784 7.737408 272399
2 -9.192960 2.183328 -1.761984 272406
0 -0.038304 0.612864 9.499392 272614
1 -2.757888 -4.711392 7.775712 272620
2 -9.192960 2.183328 -1.761984 272627
0 -0.076608 0.459648 9.499392 272834
1 -2.757888 -4.634784 7.775712 272841
2 -9.192960 2.183328 -1.761984 272848
0 -0.114912 0.574560 9.499392 273055
1 -2.757888 -4.596480 7.852320 273064
2 -9.192960 2.221632 -1.761984 273071
0 -0.114912 0.574560 9.537696 273278
1 -2.834496 -4.596480 7.814016 273285
2 -9.192960 2.221632 -1.800288 273292
0 -0.114912 0.612864 9.537696 273499
1 -2.796192 -4.519872 7.852320 273507
2 -9.192960 2.221632 -1.800288 273516
0 -0.076608 0.651168 9.461088 273724
1 -2.796192 -4.634784 7.814016 273731
2 -9.192960 2.221632 -1.800288 273739
0 -0.114912 0.574560 9.537696 273945
1 -2.872800 -4.634784 7.737408 273953
2 -9.192960 2.221632 -1.800288 273961
0 0.000000 0.536256 9.652608 274168
1 -2.757888 -4.596480 7.775712 274174
2 -9.192960 2.221632 -1.800288 274182
0 0.000000 0.536256 9.537696 274389
1 -2.872800 -4.711392 7.775712 274396
2 -9.192960 2.221632 -1.800288 274403
[UNSUBSCRIBED]
Disconnected: EF:AB:B3:C6:97:40 (random) (reason 0x08)
Scanning failed to start (err -69)
[DEVICE]: EF:AB:B3:C6:97:40 (random), AD evt type 0, AD data len 3, RSSI -70
0 -0.076608 0.612Connected: EF:AB:B3:C6:97:40 (random)
Scanning successfully started
864 9.499392 274612
1 -2.872800 -4.673088 7.737408 274720
2 -9.192960 2.221632 -1.800288 274726
0 -0.114912 0.612864 9.537696 274933
1 -2.872800 -4.749696 7.737408 274941
2 -9.192960 2.221632 -1.800288 274947
0 -0.114912 0.612864 9.537696 275155
1 -2.796192 -4.634784 7.775712 275163
2 -9.192960 2.221632 -1.800288 275170
0 -0.114912 0.612864 9.461088 275377
1 -2.796192 -4.673088 7.775712 275384
2 -9.192960 2.221632 -1.800288 275392
0 -0.114912 0.612864 9.537696 275599
1 -2.796192 -4.634784 7.737408 275605
2 -9.192960 2.221632 -1.800288 275614
0 -0.038304 0.612864 9.537696 275821
1 -2.834496 -4.596480 7.814016 275828
2 -9.192960 2.221632 -1.800288 275835
[ATTRIBUTE] handle 17
0 -0.114912 0.651168 9.461088 276043
1 -2.719584 -4.596480 7.814016 276050
2 -9.192960 2.221632 -1.800288 276061
0 -0.076608 0.536256 9.422784 276269
1 -2.796192 -4.673088 7.852320 276276
2 -9.192960 2.221632 -1.800288 276283
0 -0.076608 0.536256 9.537696 276490
1 -2.872800 -4.634784 7.814016 276497
2 -9.192960 2.22163[ATTRIBUTE] handle 19
0 -0.114912 0.651168 9.499392 276816
1 -2.757888 -4.673088 7.737408 276823
2 -9.192960 2.221632 -1.800288 276830
0 -0.038304 0.651168 9.461088 277037
1 -2.796192 -4.673088 7.814016 277044
2 -9.192960 2.221632 -1.800288 277050
0 -0.114912 0.574560 9.537696 277257
1 -2.757888 -4.711392 7.775712 277265
2 -9.231264 2.145024 -1.800288 277273
0 -0.114912 0.574560 9.499392 277480
1 -2.834496 -4.634784 7.699104 277487
2 -9.154656 2.145024 -1.800288 277494
0 -0.191520 0.574560 9.461088 277702
1 -2.796192 -4.558176 7.814016 277710
2 -9.154656 2.183328 -1.800288 277718
0 -0.421344 0.651168 9.537696 277925
1 -2.796192 -4.558176 7.814016 277932
2 -9.154656 2.183328 -1.800288 277938
0 -0.191520 0.536256 9.537696 278145
1 -2.796192 -4.673088 7.775712 278152
2 -9.116352 2.145024 -1.800288 278161
0 -0.536256 0.574560 9.461088 278368
1 -2.872800 -4.711392 7.814016 278375
2 -9.116352 2.145024 -1.761984 278382
0 -0.268128 0.574560 9.576000 278589
1 -2.834496 -4.673088 7.775712 278597
2 -9.116352 2.145024 -1.761984 278604
0 -0.153216 0.574560 9.461088 278812
1 -2.834496 -4.673088 7.775712 278821
2 -9.116352 2.145024 -1.761984 278827
0 -0.268128 0.536256 9.614304 279034
1 -2.757888 -4.749696 7.814016 279042
2 -9.154656 2.183328 -1.761984 279049
0 -0.268128 0.651168 9.499392 279256
1 -2.872800 -4.634784 7.852320 279264
2 -9.154656 2.183328 -1.838592 279270
0 -0.076608 0.497952 9.576000 279477
1 -2.796192 -4.634784 7.775712 279484
2 -9.154656 2.183328 -1.838592 279492
0 -0.153216 0.536256 9.537696 279699
1 -2.872800 -4.596480 7.737408 279707
2 -9.192960 2.106720 -1.838592 279716
0 -0.229824 0.536256 9.576000 279923
1 -2.796192 -4.596480 7.699104 279929
2 -9.192960 2.106720 -1.723680 279937
0 -0.344736 0.612864 9.537696 280144
1 -2.872800 -4.596480 7.852320 280150
2 -9.192960 2.106720 -1.723680 280160
0 -0.268128 0.574560 9.384480 280367
1 -2.796192 -4.673088 7.699104 280374
2 -9.192960 2.106720 -1.800288 280380
0 -0.268128 0.612864 9.461088 280587
1 -2.834496 -4.634784 7.814016 280595
2 -9.231264 2.183328 -1.800288 280602
0 -0.229824 0.612864 9.499392 280809
1 -2.872800 -4.634784 7.737408 280817
2 -9.231264 2.145024 -1.800288 280824
0 -0.383040 0.612864 9.461088 281031
1 -2.949408 -4.558176 7.852320 281039
2 -9.231264 2.145024 -1.800288 281047
0 -0.268128 0.651168 9.461088 281255
1 -2.757888 -4.634784 7.737408 281263
2 -9.231264 2.221632 -1.838592 281270
0 -0.268128 0.612864 9.461088 281477
1 -2.872800 -4.519872 7.852320 281483
2 -9.192960 2.221632 -1.838592 281490
0 -0.268128 0.689472 9.499392 281697
1 -2.872800 -4.673088 7.814016 281704
2 -9.192960 2.259936 -1.838592 281711
0 -0.191520 0.612864 9.499392 281918
1 -2.834496 -4.481568 7.699104 281925
2 -9.192960 2.259936 -1.838592 281933
0 -0.383040 0.651168 9.499392 282141
1 -2.911104 -4.481568 7.737408 282148
2 -9.192960 2.221632 -1.838592 282157
0 -0.344736 0.574560 9.499392 282365
1 -2.796192 -4.558176 7.814016 282372
2 -9.231264 2.145024 -1.838592 282381
0 -0.038304 0.574560 9.537696 282588
1 -2.834496 -4.558176 7.814016 282595
2 -9.192960 2.183328 -1.838592 282602
0 -0.344736 0.651168 9.537696 282809
1 -2.911104 -4.558176 7.737408 282816
2 -9.192960 2.183328 -1.838592 282824
0 -0.191520 0.574560 9.537696 283031
1 -2.757888 -4.596480 7.775712 283038
2 -9.192960 2.183328 -1.838592 283045
0 -0.497952 0.574560 9.576000 283251
1 -2.834496 -4.673088 7.814016 283259
2 -9.154656 2.221632 -1.838592 283267
0 -0.229824 0.612864 9.384480 283474
1 -2.757888 -4.673088 7.852320 283481
2 -9.154656 2.221632 -1.838592 283490
0 -0.268128 0.612864 9.499392 283696
1 -2.796192 -4.596480 7.699104 283703
2 -9.154656 2.145024 -1.838592 283711
0 -0.459648 0.612864 9.499392 283918
1 -2.872800 -4.711392 7.852320 283925
2 -9.154656 2.145024 -1.761984 283933
0 -0.651168 0.612864 9.537696 284140
1 -2.911104 -4.711392 7.775712 284146
2 -9.192960 2.145024 -1.761984 284153
0 -0.344736 0.497952 9.422784 284361
1 -2.796192 -4.711392 7.775712 284368
2 -9.192960 2.145024 -1.838592 284377
0 -0.421344 0.497952 9.422784 284584
1 -2.796192 -4.673088 7.737408 284592
2 -9.192960 2.145024 -1.838592 284599
0 -0.191520 0.612864 9.537696 284806
1 -2.796192 -4.749696 7.814016 284812
2 -9.192960 2.145024 -1.838592 284819
0 -0.191520 0.574560 9.614304 285026
1 -2.757888 -4.596480 7.775712 285033
2 -9.192960 2.068416 -1.761984 285040
0 -0.038304 0.497952 9.537696 285247
1 -2.757888 -4.634784 7.775712 285254
2 -9.192960 2.068416 -1.761984 285263
0 -0.421344 0.689472 9.499392 285470
1 -2.872800 -4.596480 7.814016 285477
2 -9.192960 2.068416 -1.761984 285484
0 -0.268128 0.689472 9.461088 285691
1 -2.796192 -4.558176 7.814016 285699
2 -9.192960 2.145024 -1.723680 285706
0 -0.306432 0.727776 9.422784 285913
1 -2.872800 -4.558176 7.852320 285919
2 -9.192960 2.145024 -1.723680 285927
0 -0.229824 0.689472 9.461088 286135
1 -2.872800 -4.558176 7.775712 286142
2 -9.192960 2.145024 -1.723680 286149
0 -0.191520 0.651168 9.461088 286356
1 -2.757888 -4.558176 7.775712 286364
2 -9.154656 2.145024 -1.761984 286373
0 -0.306432 0.612864 9.461088 286580
1 -2.757888 -4.634784 7.775712 286588
2 -9.154656 2.145024 -1.723680 286594
0 -0.191520 0.727776 9.537696 286801
1 -2.872800 -4.596480 7.890624 286808
2 -9.154656 2.145024 -1.723680 286817
0 -0.306432 0.689472 9.499392 287025
1 -2.757888 -4.519872 7.852320 287032
2 -9.154656 2.106720 -1.761984 287040
0 -0.191520 0.651168 9.499392 287246
1 -2.757888 -4.596480 7.699104 287254
2 -9.154656 2.106720 -1.761984 287263
0 0.000000 0.651168 9.499392 287471
1 -2.834496 -4.596480 7.814016 287478
2 -9.154656 2.106720 -1.761984 287485
0 -0.153216 0.727776 9.499392 287692
1 -2.834496 -4.634784 7.814016 287699
2 -9.154656 2.145024 -1.800288 287706
0 -0.191520 0.766080 9.537696 287913
1 -2.872800 -4.673088 7.852320 287921
2 -9.231264 2.221632 -1.800288 287928
0 -0.191520 0.766080 9.537696 288134
1 -2.757888 -4.711392 7.814016 288142
2 -9.231264 2.221632 -1.800288 288151
0 -0.153216 0.651168 9.537696 288358
1 -2.872800 -4.711392 7.852320 288365
2 -9.192960 2.221632 -1.800288 288374
0 -0.114912 0.689472 9.499392 288583
1 -2.872800 -4.634784 7.814016 288590
2 -9.192960 2.145024 -1.800288 288598
0 -0.191520 0.651168 9.499392 288805
1 -2.911104 -4.596480 7.852320 288813
2 -9.192960 2.145024 -1.800288 288821
0 -0.229824 0.651168 9.614304 289028
1 -2.834496 -4.596480 7.814016 289035
2 -9.192960 2.145024 -1.800288 289041
0 -0.076608 0.612864 9.537696 289248
1 -2.796192 -4.596480 7.775712 289256
2 -9.192960 2.145024 -1.800288 289265
0 -0.153216 0.651168 9.384480 289474
1 -2.834496 -4.596480 7.852320 289481
2 -9.192960 2.068416 -1.800288 289490
0 -0.038304 0.651168 9.499392 289696
1 -2.834496 -4.634784 7.890624 289704
2 -9.192960 2.068416 -1.800288 289712
0 -0.076608 0.651168 9.576000 289920
1 -2.872800 -4.596480 7.890624 289927
2 -9.192960 2.068416 -1.800288 289934
0 -0.306432 0.651168 9.499392 290142
1 -2.834496 -4.519872 7.814016 290149
2 -9.192960 2.106720 -1.800288 290157
0 -0.153216 0.612864 9.422784 290367
1 -2.872800 -4.634784 7.814016 290373
2 -9.192960 2.106720 -1.838592 290381
0 -0.114912 0.612864 9.461088 290588
1 -2.796192 -4.596480 7.814016 290594
2 -9.192960 2.106720 -1.838592 290601
0 -0.038304 0.574560 9.499392 290810
1 -2.796192 -4.558176 7.852320 290816
2 -9.231264 2.221632 -1.838592 290824
0 -0.153216 0.651168 9.537696 291032
1 -2.911104 -4.519872 7.852320 291039
2 -9.231264 2.221632 -1.800288 291048
0 -0.153216 0.651168 9.499392 291256
1 -2.872800 -4.558176 7.814016 291265
2 -9.154656 2.221632 -1.800288 291271
0 -0.076608 0.651168 9.576000 291478
1 -2.834496 -4.634784 7.699104 291485
2 -9.154656 2.221632 -1.800288 291492
0 -0.153216 0.727776 9.499392 291699
1 -2.911104 -4.596480 7.814016 291707
2 -9.154656 2.221632 -1.761984 291714
0 -0.344736 0.766080 9.461088 291921
1 -2.796192 -4.711392 7.852320 291928
2 -9.154656 2.145024 -1.761984 291935
0 -0.229824 0.612864 9.499392 292142
1 -2.834496 -4.711392 7.775712 292149
2 -9.154656 2.145024 -1.761984 292157
0 -0.114912 0.612864 9.499392 292364
1 -2.834496 -4.673088 7.775712 292372
2 -9.154656 2.145024 -1.761984 292379
0 -0.114912 0.612864 9.576000 292585
1 -2.834496 -4.596480 7.775712 292593
2 -9.231264 2.145024 -1.723680 292600
0 -0.153216 0.651168 9.461088 292807
1 -2.796192 -4.558176 7.814016 292815
2 -9.231264 2.183328 -1.838592 292822
0 -0.114912 0.727776 9.537696 293031
1 -2.796192 -4.673088 7.775712 293038
2 -9.231264 2.183328 -1.838592 293047
0 -0.114912 0.651168 9.537696 293254
1 -2.872800 -4.634784 7.814016 293262
2 -9.192960 2.221632 -1.838592 293269
0 -0.076608 0.651168 9.422784 293476
1 -2.796192 -4.711392 7.890624 293483
2 -9.192960 2.221632 -1.800288 293490
0 -0.306432 0.612864 9.499392 293697
1 -2.872800 -4.596480 7.775712 293705
2 -9.231264 2.221632 -1.800288 293712
0 -0.191520 0.651168 9.461088 293919
1 -2.757888 -4.596480 7.737408 293926
2 -9.231264 2.068416 -1.761984 293933
0 -0.076608 0.689472 9.461088 294140
1 -2.796192 -4.711392 7.814016 294148
2 -9.231264 2.068416 -1.761984 294155
0 -0.153216 0.536256 9.461088 294363
1 -2.796192 -4.673088 7.852320 294370
2 -9.154656 2.145024 -1.761984 294378
0 -0.153216 0.612864 9.461088 294584
1 -2.796192 -4.596480 7.775712 294591
2 -9.154656 2.145024 -1.761984 294598
0 -0.076608 0.612864 9.537696 294804
1 -2.757888 -4.749696 7.814016 294813
2 -9.154656 2.145024 -1.761984 294822
0 -0.114912 0.612864 9.461088 295028
1 -2.834496 -4.749696 7.814016 295036
2 -9.154656 2.145024 -1.761984 295045
0 -0.191520 0.651168 9.461088 295252
1 -2.796192 -4.596480 7.775712 295260
2 -9.078048 2.183328 -1.800288 295268
0 0.000000 0.651168 9.537696 295475
1 -2.796192 -4.711392 7.737408 295482
2 -9.078048 2.183328 -1.800288 295490
0 -0.114912 0.651168 9.537696 295697
1 -2.834496 -4.673088 7.852320 295704
2 -9.078048 2.106720 -1.723680 295713
0 -0.114912 0.689472 9.537696 295921
1 -2.796192 -4.634784 7.814016 295928
2 -9.231264 2.106720 -1.723680 295936
0 -0.076608 0.612864 9.499392 296143
1 -2.757888 -4.673088 7.737408 296151
2 -9.231264 2.106720 -1.800288 296160
0 -0.229824 0.612864 9.499392 296367
1 -2.911104 -4.596480 7.852320 296374
2 -9.231264 2.106720 -1.800288 296382
0 -0.229824 0.689472 9.499392 296589
1 -2.834496 -4.673088 7.814016 296597
2 -9.231264 2.106720 -1.800288 296604
0 -0.038304 0.727776 9.537696 296813
1 -2.872800 -4.596480 7.737408 296819
2 -9.231264 2.183328 -1.800288 296826
0 -0.191520 0.574560 9.537696 297032
1 -2.796192 -4.711392 7.814016 297040
2 -9.154656 2.183328 -1.800288 297047
0 0.000000 0.574560 9.537696 297254
1 -2.872800 -4.634784 7.737408 297262
2 -9.154656 2.183328 -1.800288 297269
0 -0.076608 0.651168 9.537696 297476
1 -2.796192 -4.673088 7.775712 297483
2 -9.154656 2.183328 -1.800288 297490
0 -0.114912 0.689472 9.461088 297697
1 -2.911104 -4.634784 7.737408 297704
2 -9.154656 2.183328 -1.800288 297711
0 -0.038304 0.574560 9.499392 297918
1 -2.834496 -4.673088 7.775712 297925
2 -9.154656 2.183328 -1.800288 297932
0 -0.153216 0.689472 9.576000 298138
1 -2.796192 -4.634784 7.737408 298146
2 -9.154656 2.183328 -1.800288 298154
[UNSUBSCRIBED]
Disconnected: EF:AB:B3:C6:97:40 (random) (reason 0x08)
Scanning failed to start (err -69)
0 -0.114912 0.612864 9.461088 298362
1 -2.834496 -4.749696 7.737408 298370
2 -9.154656 2.183328 -1.800288 298376
[DEVICE]: EF:AB:B3:C6:97:40 (random), AD evt type 0, AD data len 3, RSSI -69
0 -0.153216 0.536256 9.461088 298583
1 -2.796192 -4.749696 7.737408 298590
2 -9.154656 2.183328 -1.800288 298597
Connected: EF:AB:B3:C6:97:40 (random)
Scanning successfully started
0 -0.114912 0.612864 9.461088 298803
1 -2.796192 -4.673088 7.775712 298812
2 -9.154656 2.183328 -1.800288 298820
0 -0.076608 0.612864 9.461088 299027
1 -2.872800 -4.673088 7.775712 299034
2 -9.154656 2.183328 -1.800288 299041
0 -0.076608 0.536256 9.537696 299247
1 -2.872800 -4.673088 7.775712 299254
2 -9.154656 2.183328 -1.800288 299262
0 -0.076608 0.612864 9.537696 299469
1 -2.834496 -4.634784 7.775712 299475
2 -9.154656 2.183328 -1.800288 299482
0 -0.153216 0.651168 9.537696 299688
1 -2.834496 -4.711392 7.814016 299696
2 -9.154656 2.183328 -1.800288 299702
0 -0.076608 0.612864 9.461088 299910
1 -2.796192 -4.634784 7.737408 299917
2 -9.154656 2.183328 -1.800288 299926
0 -0.114912 0.689472 9.499392 300136
1 -2.757888 -4.788000 7.775712 300144
2 -9.154656 2.183328 -1.800288 300152
[ATTRIBUTE] handle 17
0 -0.153216 0.612864 9.461088 300359
1 -2.796192 -4.558176 7.814016 300368
2 -9.154656 2.183328 -1.800288 300376
0 -0.114912 0.574560 9.499392 300583
1 -2.757888 -4.711392 7.814016 300590
2 -9.154656 2.183328 -1.800288 300597
0 -0.153216 0.612864 9.499392 300803
1 -2.834496 -4.673088 7.814016 300812
2 -9.154656 2.183328 -1.800288 300820
[ATTRIBUTE] handle 19
[SUBSCRIBED]
0 -0.114912 0.612864 9.499392 301030
1 -2.834496 -4.711392 7.737408 301036
2 -9.154656 2.183328 -1.800288 301045
0 -0.191520 0.612864 9.461088 301253
1 -2.834496 -4.634784 7.775712 301260
2 -9.154656 2.183328 -1.800288 301267
0 -0.191520 0.536256 9.461088 301474
1 -2.911104 -4.634784 7.814016 301481
2 -9.154656 2.183328 -1.800288 301488
0 -0.076608 0.574560 9.461088 301695
1 -2.834496 -4.634784 7.852320 301702
2 -9.154656 2.183328 -1.800288 301712
0 -0.038304 0.689472 9.499392 301919
1 -2.796192 -4.826304 7.852320 301926
2 -9.154656 2.106720 -1.800288 301935
0 -0.076608 0.497952 9.499392 302143
1 -2.872800 -4.634784 7.737408 302151
2 -9.154656 2.183328 -1.761984 302158
0 0.000000 0.574560 9.422784 302364
1 -2.834496 -4.711392 7.775712 302371
2 -9.154656 2.183328 -1.761984 302379
0 -0.038304 0.574560 9.614304 302586
1 -2.834496 -4.749696 7.775712 302593
2 -9.154656 2.183328 -1.761984 302600
0 -0.114912 0.651168 9.537696 302806
1 -2.796192 -4.634784 7.890624 302814
2 -9.192960 2.145024 -1.761984 302821
0 -0.114912 0.574560 9.537696 303027
1 -2.834496 -4.711392 7.775712 303034
2 -9.192960 2.145024 -1.800288 303042
0 -0.076608 0.574560 9.537696 303249
1 -2.872800 -4.749696 7.814016 303256
2 -9.231264 2.145024 -1.800288 303265
0 -0.114912 0.651168 9.499392 303472
1 -2.796192 -4.634784 7.775712 303481
2 -9.231264 2.145024 -1.800288 303488
0 -0.038304 0.612864 9.461088 303695
1 -2.834496 -4.673088 7.775712 303702
2 -9.231264 2.145024 -1.876896 303710
0 -0.076608 0.612864 9.537696 303917
1 -2.872800 -4.558176 7.775712 303924
2 -9.231264 2.145024 -1.876896 303932
0 -0.191520 0.612864 9.461088 304138
1 -2.719584 -4.634784 7.699104 304146
2 -9.231264 2.145024 -1.876896 304154
0 0.038304 0.536256 9.461088 304362
1 -2.872800 -4.673088 7.814016 304369
2 -9.231264 2.145024 -1.876896 304376
0 0.038304 0.612864 9.499392 304583
1 -2.834496 -4.673088 7.737408 304590
2 -9.231264 2.145024 -1.800288 304597
0 -0.076608 0.651168 9.537696 304805
1 -2.796192 -4.711392 7.814016 304813
2 -9.231264 2.145024 -1.800288 304820
0 -0.191520 0.612864 9.422784 305027
1 -2.757888 -4.826304 7.737408 305034
2 -9.231264 2.145024 -1.800288 305042
0 -0.191520 0.612864 9.461088 305250
1 -2.834496 -4.711392 7.737408 305257
2 -9.231264 2.145024 -1.800288 305266
0 -0.038304 0.574560 9.461088 305473
1 -2.757888 -4.673088 7.737408 305479
2 -9.231264 2.145024 -1.800288 305486
0 -0.114912 0.612864 9.461088 305693
1 -2.796192 -4.711392 7.852320 305701
2 -9.231264 2.145024 -1.800288 305709
0 -0.191520 0.574560 9.499392 305916
1 -2.834496 -4.673088 7.814016 305923
2 -9.231264 2.145024 -1.800288 305930
0 -0.114912 0.651168 9.499392 306137
1 -2.872800 -4.711392 7.737408 306145
2 -9.231264 2.145024 -1.800288 306153
0 -0.038304 0.574560 9.576000 306360
1 -2.834496 -4.558176 7.814016 306368
2 -9.231264 2.145024 -1.800288 306376
0 -0.114912 0.727776 9.461088 306582
1 -2.796192 -4.711392 7.737408 306590
2 -9.231264 2.145024 -1.800288 306597
0 -0.076608 0.612864 9.461088 306805
1 -2.872800 -4.711392 7.699104 306814
2 -9.231264 2.145024 -1.800288 306822
[UNSUBSCRIBED]
Disconnected: EF:AB:B3:C6:97:40 (random) (reason 0x08)
Scanning failed to start (err -69)
0 -0.076608 0.612864 9.537696 307030
1 -2.872800 -4.673088 7.737408 307036
2 -9.231264 2.145024 -1.800288 307044
[DEVICE]: EF:AB:B3:C6:97:40 (random), AD evt type 0, AD data len 3, RSSI -71
Connected: EF:AB:B3:C6:97:40 (random)
Scanning successfully started
0 -0.076608 0.651168 9.614304 307251
1 -2.796192 -4.749696 7.737408 307260
2 -9.231264 2.145024 -1.800288 307267
0 -0.191520 0.612864 9.499392 307473
1 -2.796192 -4.673088 7.737408 307481
2 -9.231264 2.145024 -1.800288 307488
0 -0.191520 0.574560 9.461088 307695
1 -2.834496 -4.634784 7.699104 307702
2 -9.231264 2.145024 -1.800288 307709
0 -0.114912 0.612864 9.499392 307916
1 -2.834496 -4.711392 7.775712 307923
2 -9.231264 2.145024 -1.800288 307929
0 -0.076608 0.612864 9.499392 308136
1 -2.796192 -4.673088 7.775712 308143
2 -9.231264 2.145024 -1.800288 308151
0 -0.153216 0.612864 9.499392 308360
1 -2.872800 -4.711392 7.775712 308367
2 -9.231264 2.145024 -1.800288 308374
[ATTRIBUTE] handle 17
0 -0.114912 0.574560 9.537696 308581
1 -2.911104 -4.673088 7.814016 308588
2 -9.231264 2.145024 -1.800288 308595
0 -0.114912 0.574560 9.461088 308802
1 -2.796192 -4.788000 7.699104 308809
2 -9.231264 2.145024 -1.800288 308816
[ATTRIBUTE] handle 19
[SUBSCRIBED]
0 -0.076608 0.536256 9.499392 309024
1 -2.872800 -4.788000 7.699104 309033
2 -9.231264 2.145024 -1.800288 309040
0 -0.076608 0.612864 9.576000 309246
1 -2.834496 -4.596480 7.775712 309253
2 -9.231264 2.145024 -1.800288 309261
0 -0.038304 0.574560 9.499392 309468
1 -2.872800 -4.749696 7.775712 309475
2 -9.269568 2.145024 -1.800288 309483
0 -0.038304 0.574560 9.537696 309690
1 -2.872800 -4.711392 7.775712 309697
2 -9.269568 2.145024 -1.800288 309705
0 -0.153216 0.612864 9.499392 309913
1 -2.872800 -4.711392 7.775712 309920
2 -9.269568 2.145024 -1.800288 309928
0 -0.076608 0.612864 9.499392 310134
1 -2.834496 -4.634784 7.737408 310142
2 -9.154656 2.145024 -1.838592 310149
0 -0.114912 0.651168 9.499392 310356
1 -2.796192 -4.711392 7.775712 310363
2 -9.192960 2.145024 -1.838592 310372
0 -0.114912 0.574560 9.537696 310581
1 -2.719584 -4.673088 7.737408 310588
2 -9.192960 2.145024 -1.838592 310596
0 -0.114912 0.612864 9.422784 310802
1 -2.949408 -4.634784 7.852320 310810
2 -9.192960 2.183328 -1.800288 310818
0 -0.114912 0.612864 9.576000 311026
1 -2.796192 -4.673088 7.775712 311034
2 -9.192960 2.183328 -1.800288 311041
0 -0.114912 0.574560 9.461088 311248
1 -2.681280 -4.711392 7.699104 311255
2 -9.192960 2.183328 -1.800288 311263
0 -0.076608 0.574560 9.422784 311470
1 -2.834496 -4.749696 7.737408 311477
2 -9.192960 2.183328 -1.761984 311486
0 0.000000 0.612864 9.537696 311693
1 -2.834496 -4.711392 7.775712 311700
2 -9.192960 2.183328 -1.761984 311707
0 -0.076608 0.536256 9.576000 311914
1 -2.796192 -4.711392 7.737408 311922
2 -9.192960 2.183328 -1.761984 311929
0 -0.114912 0.651168 9.461088 312135
1 -2.796192 -4.711392 7.737408 312143
2 -9.192960 2.183328 -1.761984 312151
0 -0.076608 0.727776 9.576000 312361
1 -2.757888 -4.749696 7.775712 312368
2 -9.192960 2.145024 -1.685376 312375
0 -0.038304 0.574560 9.461088 312581
1 -2.872800 -4.711392 7.737408 312589
2 -9.231264 2.183328 -1.685376 312596
0 -0.114912 0.536256 9.461088 312803
1 -2.834496 -4.596480 7.852320 312810
2 -9.231264 2.183328 -1.685376 312817
0 -0.038304 0.612864 9.537696 313024
1 -2.872800 -4.711392 7.699104 313031
2 -9.231264 2.183328 -1.685376 313038
0 -0.038304 0.612864 9.499392 313244
1 -2.834496 -4.634784 7.699104 313251
2 -9.231264 2.183328 -1.685376 313260
0 -0.076608 0.574560 9.422784 313467
1 -2.834496 -4.673088 7.737408 313473
2 -9.231264 2.183328 -1.685376 313480
0 -0.038304 0.689472 9.461088 313687
1 -2.796192 -4.673088 7.737408 313694
2 -9.231264 2.183328 -1.685376 313702
0 -0.038304 0.612864 9.499392 313911
1 -2.834496 -4.826304 7.775712 313918
2 -9.231264 2.183328 -1.685376 313926
0 -0.038304 0.574560 9.614304 314133
1 -2.796192 -4.788000 7.775712 314140
2 -9.231264 2.183328 -1.761984 314147
0 -0.076608 0.574560 9.537696 314354
1 -2.872800 -4.749696 7.775712 314362
2 -9.231264 2.183328 -1.761984 314368
0 -0.114912 0.497952 9.499392 314575
1 -2.757888 -4.711392 7.775712 314583
2 -9.231264 2.183328 -1.761984 314590
0 -0.153216 0.574560 9.499392 315126
1 -2.872800 -4.634784 7.775712 315133
2 -9.231264 2.183328 -1.761984 315142
0 -0.153216 0.689472 9.576000 315350
1 -2.834496 -4.749696 7.699104 315357
2 -9.231264 2.183328 -1.761984 315366
0 -0.114912 0.612864 9.576000 315573
1 -2.834496 -4.749696 7.699104 315580
2 -9.231264 2.183328 -1.761984 315588
0 -0.114912 0.612864 9.461088 315794
1 -2.796192 -4.673088 7.775712 315802
2 -9.231264 2.183328 -1.761984 315811
0 -0.038304 0.574560 9.499392 316018
1 -2.796192 -4.788000 7.814016 316024
2 -9.231264 2.183328 -1.761984 316031
0 -0.038304 0.574560 9.461088 316238
1 -2.834496 -4.673088 7.775712 316244
2 -9.231264 2.183328 -1.761984 316251
0 -0.114912 0.612864 9.537696 316459
1 -2.872800 -4.711392 7.775712 316466
2 -9.231264 2.183328 -1.761984 316475
0 -0.076608 0.651168 9.461088 316682
1 -2.834496 -4.788000 7.852320 316689
2 -9.192960 2.183328 -1.761984 316697
0 -0.114912 0.574560 9.461088 316904
1 -2.796192 -4.673088 7.814016 316912
2 -9.192960 2.183328 -1.761984 316921
0 -0.076608 0.689472 9.499392 317129
1 -2.796192 -4.673088 7.814016 317136
2 -9.192960 2.183328 -1.761984 317144
0 -0.076608 0.651168 9.576000 317351
1 -2.834496 -4.826304 7.737408 317358
2 -9.192960 2.183328 -1.761984 317366
0 -0.191520 0.536256 9.576000 317573
1 -2.834496 -4.596480 7.737408 317579
2 -9.192960 2.183328 -1.761984 317587
0 -0.038304 0.651168 9.537696 317794
1 -2.796192 -4.749696 7.699104 317801
2 -9.154656 2.183328 -1.761984 317809
0 -0.153216 0.612864 9.499392 318016
1 -2.796192 -4.673088 7.814016 318023
2 -9.154656 2.106720 -1.838592 318031
0 -0.153216 0.574560 9.499392 318238
1 -2.834496 -4.673088 7.852320 318245
2 -9.154656 2.106720 -1.838592 318252
0 -0.114912 0.536256 9.499392 318459
1 -2.834496 -4.711392 7.775712 318466
2 -9.154656 2.145024 -1.800288 318473
0 -0.153216 0.612864 9.422784 318680
1 -2.834496 -4.711392 7.775712 318687
2 -9.154656 2.145024 -1.800288 318694
0 -0.153216 0.574560 9.461088 318902
1 -2.796192 -4.673088 7.852320 318910
2 -9.269568 2.145024 -1.800288 318917
0 -0.076608 0.536256 9.537696 319124
1 -2.796192 -4.749696 7.737408 319131
2 -9.231264 2.106720 -1.723680 319137
0 0.000000 0.574560 9.576000 319344
1 -2.796192 -4.711392 7.737408 319352
2 -9.231264 2.145024 -1.723680 319361
0 -0.114912 0.612864 9.499392 319570
1 -2.719584 -4.826304 7.814016 319578
2 -9.231264 2.145024 -1.723680 319585
0 -0.114912 0.651168 9.499392 319792
1 -2.834496 -4.826304 7.737408 319799
2 -9.231264 2.145024 -1.723680 319805
0 -0.076608 0.574560 9.499392 320013
1 -2.796192 -4.749696 7.699104 320021
2 -9.231264 2.106720 -1.800288 320030
0 -0.076608 0.612864 9.499392 320237
1 -2.834496 -4.711392 7.775712 320243
2 -9.154656 2.145024 -1.800288 320250
0 -0.076608 0.536256 9.537696 320457
1 -2.834496 -4.711392 7.699104 320465
2 -9.154656 2.145024 -1.800288 320473
0 -0.153216 0.689472 9.461088 320680
1 -2.796192 -4.788000 7.699104 320688
2 -9.154656 2.145024 -1.838592 320695
0 -0.038304 0.612864 9.499392 320902
1 -2.796192 -4.749696 7.814016 320911
2 -9.154656 2.145024 -1.838592 320919
0 -0.153216 0.612864 9.461088 321126
1 -2.757888 -4.788000 7.775712 321133
2 -9.192960 2.106720 -1.838592 321140
0 -0.153216 0.574560 9.499392 321348
1 -2.872800 -4.711392 7.737408 321355
2 -9.192960 2.106720 -1.761984 321364
0 -0.038304 0.612864 9.461088 321573
1 -2.834496 -4.711392 7.699104 321579
2 -9.192960 2.106720 -1.761984 321586
0 -0.038304 0.651168 9.499392 321793
1 -2.872800 -4.788000 7.814016 321801
2 -9.154656 2.183328 -1.761984 321812
0 0.000000 0.612864 9.499392 322021
1 -2.872800 -4.749696 7.775712 322028
2 -9.154656 2.183328 -1.685376 322036
0 0.000000 0.612864 9.461088 322243
1 -2.872800 -4.634784 7.814016 322249
2 -9.154656 2.183328 -1.685376 322256
0 -0.114912 0.574560 9.461088 322463
1 -2.834496 -4.749696 7.737408 322471
2 -9.154656 2.183328 -1.685376 322478
0 -0.038304 0.651168 9.537696 322685
1 -2.872800 -4.673088 7.737408 322692
2 -9.192960 2.183328 -1.800288 322699
0 -0.076608 0.612864 9.537696 322906
1 -2.796192 -4.673088 7.737408 322914
2 -9.192960 2.183328 -1.800288 322922
0 -0.191520 0.651168 9.537696 323128
1 -2.872800 -4.788000 7.737408 323136
2 -9.192960 2.183328 -1.800288 323144
0 0.000000 0.536256 9.614304 323351
1 -2.796192 -4.711392 7.775712 323357
2 -9.231264 2.183328 -1.800288 323364
0 -0.076608 0.612864 9.614304 323571
1 -2.834496 -4.749696 7.737408 323578
2 -9.192960 2.183328 -1.800288 323584
0 -0.114912 0.612864 9.499392 323791
1 -2.757888 -4.749696 7.737408 323798
2 -9.192960 2.183328 -1.800288 323805
0 -0.076608 0.612864 9.499392 324013
1 -2.834496 -4.673088 7.660800 324021
2 -9.192960 2.183328 -1.800288 324028
0 -0.038304 0.536256 9.499392 324234
1 -2.834496 -4.711392 7.814016 324241
2 -9.192960 2.145024 -1.800288 324248
0 -0.076608 0.651168 9.499392 324455
1 -2.796192 -4.788000 7.814016 324462
2 -9.269568 2.145024 -1.800288 324471
0 -0.191520 0.536256 9.499392 324678
1 -2.757888 -4.749696 7.775712 324685
2 -9.269568 2.145024 -1.800288 324692
0 -0.191520 0.651168 9.499392 324900
1 -2.834496 -4.749696 7.699104 324907
2 -9.269568 2.183328 -1.800288 324917
0 -0.114912 0.612864 9.422784 325125
1 -2.834496 -4.788000 7.775712 325132
2 -9.269568 2.183328 -1.761984 325139
0 -0.114912 0.689472 9.499392 325345
1 -2.796192 -4.673088 7.814016 325352
2 -9.269568 2.183328 -1.761984 325360
0 -0.038304 0.651168 9.499392 325567
1 -2.834496 -4.788000 7.814016 325575
2 -9.269568 2.183328 -1.761984 325583
0 -0.114912 0.651168 9.537696 325790
1 -2.796192 -4.711392 7.737408 325797
2 -9.269568 2.183328 -1.761984 325804
0 -0.076608 0.536256 9.576000 326012
1 -2.796192 -4.673088 7.775712 326021
2 -9.269568 2.183328 -1.761984 326029
0 -0.076608 0.574560 9.499392 326236
1 -2.796192 -4.673088 7.737408 326243
2 -9.269568 2.183328 -1.761984 326250
0 -0.076608 0.651168 9.499392 326457
1 -2.796192 -4.788000 7.737408 326465
2 -9.269568 2.183328 -1.761984 326474
[UNSUBSCRIBED]
Disconnected: EF:AB:B3:C6:97:40 (random) (reason 0x08)
Scanning failed to start (err -69)
[DEVICE]: EF:AB:B3:C6:97:40 (random), AD evt type 0, AD data len 3, RSSI -67
0 -0.076608 0.651168 9.576000 326681
1 -2.757888 -4.749696 7.699104 326688
2 -9.269568 2.183328 -1.761984 326695
Connected: EF:AB:B3:C6:97:40 (random)
Scanning successfully started
0 -0.076608 0.612864 9.537696 326901
1 -2.834496 -4.788000 7.699104 326911
2 -9.269568 2.183328 -1.761984 326920
0 -0.038304 0.651168 9.576000 327129
1 -2.757888 -4.788000 7.737408 327136
2 -9.269568 2.183328 -1.761984 327144
0 -0.114912 0.612864 9.537696 327350
1 -2.834496 -4.749696 7.660800 327358
2 -9.269568 2.183328 -1.761984 327366
0 -0.114912 0.689472 9.499392 327573
1 -2.834496 -4.711392 7.737408 327580
2 -9.269568 2.183328 -1.761984 327587
0 -0.076608 0.651168 9.499392 327794
1 -2.911104 -4.749696 7.775712 327800
2 -9.269568 2.183328 -1.761984 327808
0 -0.076608 0.574560 9.499392 328015
1 -2.872800 -4.673088 7.737408 328022
2 -9.269568 2.183328 -1.761984 328029
0 -0.076608 0.574560 9.537696 328236
1 -2.872800 -4.673088 7.699104 328242
2 -9.269568 2.183328 -1.761984 328249
0 -0.076608 0.612864 9.499392 328456
1 -2.796192 -4.749696 7.699104 328463
2 -9.269568 2.183328 -1.761984 328472
0 -0.038304 0.612864 9.461088 328680
1 -2.834496 -4.749696 7.737408 328687
2 -9.269568 2.183328 -1.761984 328694
0 -0.038304 0.612864 9.461088 328901
1 -2.757888 -4.788000 7.737408 328909
2 -9.269568 2.183328 -1.761984 328917
0 -0.229824 0.497952 9.537696 329124
1 -2.757888 -4.711392 7.699104 329131
2 -9.269568 2.183328 -1.761984 329138
[ATTRIBUTE] handle 17
0 0.000000 0.536256 9.537696 329345
1 -2.796192 -4.788000 7.775712 329352
2 -9.269568 2.183328 -1.761984 329361
[ATTRIBUTE] handle 19
[SUBSCRIBED]
0 -0.076608 0.612864 9.537696 329569
1 -2.796192 -4.826304 7.660800 329576
2 -9.269568 2.183328 -1.761984 329582
0 0.000000 0.536256 9.537696 329789
1 -2.872800 -4.826304 7.814016 329796
