0 -2.757888 -0.038304 9.039744 51587
1 -9.997344 -2.264032 1.455552 51593
2 -8.273664 4.864608 -1.991808 51600
0 -0.842688 -1.038304 9.154656 51806
1 -9.997344 -2.489760 0.880992 51812
2 -8.273664 4.864608 -1.991808 51819
0 0.076608 -1.800288 10.380384 52025
1 -9.959040 -1.723680 -0.153216 52032
2 -8.273664 4.864608 -1.991808 52040
0 -3.255840 1.723680 6.039744 52246
1 -9.729216 -0.497952 1.034208 52253
2 -8.273664 4.864608 -1.991808 52259
0 -1.302336 2.723680 6.281856 52466
1 -8.771616 -3.102624 1.532160 52472
2 -8.273664 4.864608 -1.991808 52[ATTRIBUTE] handle 17
479
0 -1.459648 2.030112 12.448800 52787
1 -8.120448 -3.064320 1.264032 52794
2 -8.273664 4.864608 -1.991808 52801
0 -1.493856 -1.149120 12.448800 53008
1 -8.656704 -1.761984 0.766080 53015
2 -8.273664 4.864608 -1.991808 53021
0 -1.953504 -0.344736 9.269568 53228
1 -10.035648 -1.225728 -0.344736 53235
2 -8.273664 4.864608 -1.991808 53242
0 -1.800288 3.830400 9.533600 53449
1 -9.614304 -1.991808 1.225728 53455
2 -8.273664 4.864608 -1.991808 53462
0 -0.191520 1.915200 8.001440 53668
1 -9.805824 -3.757888 1.608768 53675
2 -8.273664 4.864608 -1.991808 53681
0 -1.225728 0.957600 12.350272 53889
1 -9.729216 -4.060224 0.957600 53895
2 -8.273664 4.864608 -1.991808 53902
Discover complete
Disconnected: EF:AB:B3:C6:97:40 (random) (reason 0x08)
Scanning failed to start (err -69)
0 -0.114912 -1.532160 9.831840 54108
1 -9.729216 -1.340640 0.000000 54115
2 -8.273664 4.864608 -1.991808 54121
0 -0.229824 -0.532160 9.576000 54328
1 -9.422784 -1.685376 -0.421344 54335
2 -8.273664 4.864608 -1.991808 54342
0 -1.264032 -0.421344 9.116352 54549
1 -10.648512 -0.076608 1.191520 54556
2 -8.273664 4.864608 -1.991808 54562
[DEVICE]: EF:AB:B3:C6:97:40 (random), AD evt type 0, AD data len 3, RSSI -69
0 -0.880992 2.336544 9.269568 54769
1 -10.648512 -0.076608 1.378944 54775
2 -8.273664 4.864608 -1.991808 54782
Connected: EF:AB:B3:C6:97:40 (random)
Scanning successfully started
0 -0.766080 1.378944 12.001440 54988
1 -9.346176 -2.681280 1.455552 54995
2 -8.273664 4.864608 -1.991808 55001
0 -1.187424 -2.259936 12.218976 55208
1 -10.993248 -1.417248 0.459648 55215
2 -8.273664 4.864608 -1.991808 55221
0 0.153216 -2.259936 9.078048 55428
1 -10.993248 -1.417248 0.459648 55436
2 -8.273664 4.864608 -1.991808 55443
0 0.957600 3.179232 10.073952 55649
1 -8.924832 -0.995904 -0.536256 55655
2 -8.273664 4.864608 -1.991808 55662
0 -0.076608 1.179232 9.537696 55869
1 -8.924832 -2.642976 1.034208 55875
2 -8.273664 4.864608 -1.991808 55881
[ATTRIBUTE] handle 17
0 -0.076608 1.723680 8.005536 56089
1 -9.690912 -3.638880 1.685376 56097
2 -8.273664 4.864608 -1.991808 56103
0 0.229824 0.723680 8.005536 56310
1 -11.337984 -2.145024 0.685376 56316
2 -8.273664 4.864608 -1.991808 56323
[ATTRIBUTE] handle 19
[SUBSCRIBED]
0 0.229824 0.612864 11.108160 56529
1 -11.835936 -0.493856 -0.536256 56537
2 -8.273664 4.864608 -1.991808 56544
0 0.000000 0.076608 8.503488 56750
1 -8.809920 -2.651168 -0.727776 56757
2 -18.273664 4.864608 -1.991808 56764
0 0.000000 1.953504 8.503488 56971
1 -9.307872 -2.451456 1.302336 56978
2 -18.273664 4.864608 -1.991808 56986
0 -0.957600 1.953504 8.273664 57193
1 -9.307872 -4.328352 1.608768 57199
2 -10.456992 -3.217536 -2.106720 57205
0 -0.957600 2.604672 8.273664 57412
1 -11.721024 -4.328352 1.608768 57419
2 -10.456992 -3.217536 -2.106720 57426
0 0.344736 2.604672 9.959040 57633
1 -10.227168 -1.149120 0.532160 57640
2 -18.002880 0.919296 -2.221632 57647
0 0.344736 -0.383040 8.426880 57854
1 -7.354368 -1.417248 -0.804384 57860
2 -18.002880 -3.830400 -5.221632 57867
0 0.574560 0.804384 8.235360 58073
1 -9.078048 -2.417248 0.689472 58080
2 -4.366656 -0.830400 -5.132736 58086
0 0.612864 2.528064 8.235360 58293
1 -8.078048 -2.413152 1.723680 58300
2 -4.366656 0.919296 -1.302336 58306
0 1.072512 -2.489760 9.959040 58513
1 -8.809920 -4.098528 0.727776 58519
2 -8.920736 0.153216 -2.259936 58526
0 1.417248 -1.489760 9.690912 58733
1 -8.350272 -1.723680 0.727776 58740
2 -8.886528 0.153216 -2.259936 58747
0 1.417248 -1.034208 10.265472 58953
1 -8.350272 -1.723680 -0.383040 58960
2 -2.834496 2.145024 -2.757888 58966
0 1.685376 2.642976 8.265472 59173
1 -8.350272 -1.723680 -0.383040 59179
2 -2.834496 -4.290048 -3.026016 59186
0 0.766080 2.106720 8.924832 59392
1 -11.989152 -0.880992 -0.497952 59399
2 -7.699104 17.236800 4.290048 59406
0 0.383040 2.106720 8.924832 59612
1 -11.491200 -2.681280 -0.497952 59618
2 -7.699104 17.236800 4.290048 59625
0 0.651168 -0.995904 9.192960 59832
1 -8.491200 -2.681280 0.574560 59839
2 -5.937120 17.236800 4.290048 59846
0 0.651168 -1.264032 10.725120 60052
1 -9.461088 -1.493856 -0.574560 60061
2 -5.937120 0.236800 4.290048 60069
0 1.651168 -1.264032 10.725120 60278
1 -8.426880 -2.949408 1.455552 60285
2 -5.937120 0.236800 4.290048 60292
0 1.761984 -1.264032 10.725120 60498
1 -8.426880 -2.949408 1.455552 60505
2 -5.937120 0.236800 4.290048 60512
0 0.761984 2.374848 9.116352 60718
1 -14.708736 -4.711392 1.570464 60725
2 -5.937120 0.236800 4.290048 60732
0 0.229824 -0.574560 8.116352 60939
1 -8.541792 -1.711392 1.570464 60946
2 -5.937120 0.236800 4.290048 60953
0 0.229824 -0.574560 8.426880 61159
1 -5.541792 -1.570464 -0.383040 61165
2 -5.937120 0.236800 4.290048 61172
0 0.651168 -0.191520 11.426880 61378
1 -5.477472 -2.068416 -0.383040 61385
2 -5.937120 -0.229824 4.290048 61391
0 0.651168 -0.191520 11.682720 61598
1 -9.499392 -2.068416 0.804384 61605
2 -5.745600 -0.229824 -3.907008 61611
0 0.268128 1.532160 11.682720 61819
1 -8.886528 -3.562272 1.225728 61826
2 -5.745600 0.957600 -0.907008 61836
0 0.268128 1.532160 8.043840 62043
1 -8.963136 -1.340640 -0.383040 62049
2 -5.745600 0.957600 -0.957600 62056
0 0.229824 1.532160 8.043840 62262
1 -11.414592 -0.110816 -0.766080 62269
2 -8.771616 2.451456 -0.957600 62276
0 0.229824 0.000000 8.043840 62483
1 -9.844128 0.268128 0.229824 62489
2 -8.733312 2.451456 -3.179232 62496
0 0.995904 0.000000 8.273664 62702
1 -9.844128 -2.374848 1.034208 62709
2 -8.733312 6.856416 -1.179232 62715
0 0.995904 1.072512 8.273664 62922
1 -8.273664 -2.949408 1.034208 62928
2 -8.924832 9.422784 -1.072512 62936
0 0.995904 1.072512 8.963136 63142
1 -8.273664 -2.949408 1.034208 63149
2 -9.499392 1.953504 -2.209344 63155
0 0.995904 1.072512 8.963136 63362
1 -9.920736 -1.378944 1.110816 63368
2 -9.499392 1.953504 -2.719584 63374
0 -0.880992 -1.187424 8.963136 63581
1 -9.920736 -1.378944 1.110816 63589
2 -11.184768 2.566368 -1.723680 63596
0 -1.723680 -1.187424 9.116352 63802
1 -9.920736 -1.378944 0.110816 63809
2 -8.618400 19.566368 -1.723680 63815
0 -1.723680 1.812576 9.116352 64022
1 -9.997344 -1.455552 0.463744 64028
2 -9.231264 0.191520 -0.080704 64036
0 -1.723680 2.106720 8.043840 64242
1 -9.997344 -1.455552 0.463744 64249
2 -9.767520 1.034208 -1.876896 64255
0 -1.340640 -1.264032 9.043840 64462
1 -9.997344 -1.455552 0.463744 64468
2 -11.950848 0.957600 -1.876896 64475
0 -0.340640 -1.264032 9.154656 64682
1 -9.997344 -1.455552 0.463744 64689
2 -5.707296 -5.783904 -1.378944 64695
0 0.038304 2.681280 9.154656 64902
1 -9.997344 -1.455552 0.463744 64909
2 -5.707296 -5.783904 -1.378944 64915
[UNSUBSCRIBED]
Disconnected: EF:AB:B3:C6:97:40 (random) (reason 0x08)
Scanning failed to start (err -69)
0 0.038304 2.681280 10.303776 65122
1 -9.997344 -1.455552 0.463744 65129
2 -5.707296 -5.783904 -1.378944 65136
0 0.038304 2.681280 10.303776 65342
1 -9.537696 -1.455552 1.187424 65349
2 -5.707296 -5.783904 -1.378944 65355
[UNSUBSCRIBED]
Disconnected: C8:91:07:19:03:58 (random) (reason 0x08)
Scanning failed to start (err -69)
0 0.038304 2.681280 10.303776 65562
1 -9.537696 -1.685376 -5.783904 65569
2 -5.707296 -5.783904 -1.378944 65575
[DEVICE]: EF:AB:B3:C6:97:40 (random), AD evt type 0, AD data len 3, RSSI -79
0 0.038304 2.681280 10.303776 65782
1 -10.035648 -1.685376 -5.783904 65789
2 -5.707296 -5.783904 -1.378944 65795
Connected: EF:AB:B3:C6:97:40 (random)
Scanning successfully started
0 0.038304 2.681280 10.303776 66002
1 -12.793536 -0.383040 0.268128 66009
2 -5.707296 -5.783904 -1.378944 66015
0 0.038304 2.681280 10.303776 66222
1 -12.793536 -3.830400 0.268128 66228
2 -5.707296 -5.783904 -1.378944 66236
0 0.038304 2.681280 10.303776 66443
1 -12.793536 -3.830400 1.264032 66449
2 -5.707296 -5.783904 -1.378944 66455
[DEVICE]: C8:91:07:19:03:58 (random), AD evt type 0, AD data len 3, RSSI -74
0 0.038304 2.681280 10.303776 66662
1 -13.061664 -3.523968 1.264032 66668
2 -5.707296 -5.783904 -1.378944 66675
Connected: C8:91:07:19:03:58 (random)
Scanning successfully started
[ATTRIBUTE] handle 17
0 0.038304 2.681280 10.303776 66882
1 -9.061664 -3.523968 -0.459648 66890
2 -5.707296 -5.783904 -1.378944 66897
[ATTRIBUTE] handle 19
[SUBSCRIBED]
0 0.038304 2.681280 10.303776 67103
1 -9.537696 -3.523968 -0.459648 67109
2 -5.707296 -5.783904 -1.378944 67116
0 0.038304 2.681280 10.303776 67323
1 -9.537696 -1.523968 -0.459648 67329
2 -5.707296 -5.783904 -1.378944 67336
0 0.038304 2.681280 10.303776 67543
1 -9.537696 -1.225728 0.540352 67549
2 -12.410496 -5.783904 -1.378944 67556
0 0.038304 2.681280 10.303776 67763
1 -9.537696 -1.225728 1.340640 67769
2 -12.410496 13.674528 -1.378944 67775
[ATTRIBUTE] handle 17
0 0.038304 2.681280 10.303776 67982
1 -9.499392 -1.378944 1.340640 67989
2 -3.447360 13.674528 -2.413152 67996
0 0.038304 2.681280 10.303776 68202
1 -9.499392 -1.378944 -0.536256 68216
2 -17.447360 -1.225728 -2.221632 68223
0 0.038304 2.681280 10.303776 68430
1 -9.576000 -1.378944 -0.536256 68438
2 -17.447360 -1.225728 -2.221632 68444
[ATTRIBUTE] handle 19
[SUBSCRIBED]
0 0.038304 2.681280 10.303776 68651
1 -9.576000 -1.876896 -0.536256 68658
2 -17.275104 -17.581536 -2.221632 68664
0 0.038304 2.681280 10.303776 68871
1 -9.039744 -1.876896 1.302336 68878
2 -11.275104 -17.581536 2.106720 68884
0 1.953504 -1.034208 10.303776 69092
1 -9.039744 -1.876896 1.302336 69099
2 -11.337984 1.418464 2.106720 69106
0 1.953504 -1.034208 10.303776 69313
1 -9.039744 -1.647072 0.302336 69320
2 -11.337984 1.418464 2.106720 69326
0 2.298240 1.455552 8.380384 69533
1 -10.039744 -1.647072 -0.651168 69539
2 -11.337984 2.183328 -0.893280 69546
0 1.298240 1.455552 8.120448 69753
1 -10.648512 -3.647072 -0.651168 69759
2 -11.337984 2.183328 -0.893280 69766
0 1.072512 -1.110816 9.120448 69973
1 -8.924832 -3.677184 1.761984 69980
2 -7.337984 2.183328 -1.340640 69987
0 1.225728 1.685376 9.767520 70194
1 -8.924832 -1.723680 0.761984 70200
2 -7.162848 1.685376 -1.340640 70206
0 2.068416 1.685376 9.499392 70413
1 -10.924832 -1.723680 -0.804384 70419
2 -7.162848 1.685376 -1.340640 70426
0 1.068416 0.421344 7.852320 70633
1 -10.954944 -1.723680 -0.804384 70640
2 -5.745600 1.264032 -0.957600 70647
0 1.838592 -1.340640 10.852320 70853
1 -10.954944 -0.957600 -0.804384 70860
2 -9.116352 0.229824 -2.911104 70867
0 1.838592 -1.340640 10.265472 71073
1 -8.388576 -0.957600 0.651168 71080
2 -12.065760 1.915200 -2.528064 71088
0 2.838592 -1.340640 10.265472 71296
1 -9.039744 -1.608768 -0.880992 71303
2 -1.264032 -3.471936 -2.451456 71310
0 2.838592 -1.340640 10.265472 71516
1 -9.039744 -1.225728 0.919296 71524
2 -16.892064 13.403520 -1.225728 71530
0 2.413152 -1.072512 10.265472 71737
1 -9.499392 -2.681280 1.493856 71744
2 -9.384480 5.747040 -2.259936 71750
0 1.685376 -1.072512 10.227168 71957
1 -12.027456 -2.681280 1.493856 71963
2 -9.384480 5.707296 -1.608768 71970
0 2.374848 -1.455552 8.426880 72176
1 -9.690912 -3.332448 0.191520 72183
2 -9.384480 5.707296 -1.608768 72190
0 1.340640 -1.264032 10.571904 72397
1 -9.690912 -1.455552 0.191520 72404
2 -9.384480 1.707296 -1.608768 72411
0 1.340640 0.191520 7.737408 72620
1 -10.342080 -1.455552 -0.842688 72626
2 -9.384480 1.302336 -1.953504 72633
0 2.336544 0.191520 7.737408 72840
1 -10.342080 -0.804384 0.157312 72846
2 -16.481568 1.264032 -0.919296 72853
0 2.336544 0.651168 7.967232 73060
1 -10.954944 -3.715488 1.187424 73066
2 -9.231264 0.464960 4.060224 73072
0 2.336544 0.651168 7.967232 73279
1 -9.695008 -1.455552 -0.038304 73289
2 -10.533600 2.030112 -2.872800 73297
0 1.302336 -0.306432 7.890624 73504
1 -9.461088 -0.995904 -0.536256 73511
2 -17.275104 -2.796192 -3.945312 73517
0 1.302336 -0.306432 7.890624 73724
1 -10.610208 -1.647072 1.034208 73731
2 -13.444704 -0.880992 -1.302336 73738
0 2.106720 1.647072 9.614304 73945
1 -9.614304 -2.604672 1.761984 73951
2 -12.678624 2.604672 -2.642976 73957
0 1.532160 -0.352928 9.614304 74164
1 -12.985056 -4.711392 1.761984 74170
2 -8.886528 2.413152 -3.637440 74177
0 1.532160 -1.149120 9.882432 74384
1 -8.886528 -1.647072 -0.153216 74392
2 -9.116352 2.221632 -2.068416 74398
0 1.723680 -0.149120 9.882432 74605
1 -9.346176 -1.532160 -0.842688 74611
2 -7.466624 -3.179232 -3.370752 74618
0 1.723680 -0.995904 8.924832 74825
1 -7.354368 -1.876896 1.225728 74831
2 -7.009632 2.642976 -2.528064 74838
0 0.651168 1.072512 8.273664 75044
1 -9.537696 -2.604672 1.225728 75051
2 -10.227168 1.493856 -1.915200 75057
0 0.268128 -2.413152 8.273664 75264
1 -12.333888 -4.604672 1.647072 75270
2 -8.227168 1.493856 -1.915200 75277
0 0.268128 -2.413152 8.273664 75484
1 -10.610208 -1.149120 0.225728 75491
2 -9.154656 1.915200 -5.898816 75498
0 0.268128 -2.413152 9.882432 75704
1 -8.924832 -1.149120 0.229824 75711
2 -15.321600 2.145024 -3.600576 75718
0 0.268128 -0.957600 8.882432 75924
1 -11.924832 -1.340640 -0.842688 75930
2 -7.201152 4.596480 -1.302336 75939
0 1.034208 0.612864 8.656704 76145
1 -8.146464 -1.072512 0.957600 76151
2 -15.359904 1.596480 -1.302336 76159
0 0.497952 0.612864 8.350272 76366
1 -8.695008 -2.834496 1.838592 76372
2 -10.840032 1.800288 -1.532160 76378
0 0.497952 0.612864 8.350272 76586
1 -8.852320 -2.489760 1.110816 76592
2 -9.116352 1.647072 -2.145024 76599
0 1.497952 0.306432 12.142368 76805
1 -8.197056 -1.489760 1.110816 76812
2 -10.380384 1.034208 -3.179232 76819
0 1.149120 -1.455552 10.954944 77025
1 -7.814016 -0.608768 -0.727776 77032
2 -4.864608 -0.497952 -3.179232 77039
0 1.072512 1.685376 10.954944 77246
1 -9.001440 -2.880992 0.766080 77252
2 -4.941216 0.306432 -1.225728 77258
0 0.072512 1.685376 9.767520 77465
1 -11.721024 -2.259936 1.340640 77471
2 -10.456992 13.138272 0.268128 77478
0 0.072512 1.685376 9.767520 77686
1 -8.721024 -3.677184 1.378944 77693
2 -9.307872 1.915200 -3.026016 77699
0 0.880992 0.880992 9.767520 77906
1 -9.771616 -1.264032 -0.076608 77912
2 -11.491200 2.915200 -2.374848 77919
0 1.800288 2.949408 14.517216 78126
1 -9.882432 -0.804384 -0.766080 78133
2 -7.890624 6.128640 -2.106720 78140
0 1.800288 2.949408 10.342080 78346
1 -8.541792 -2.566368 0.233920 78355
2 -9.614304 1.340640 -2.068416 78361
0 1.800288 2.949408 10.342080 78568
1 -11.031552 -3.566368 1.225728 78575
2 -19.535040 -19.535040 -2.834496 78581
0 1.800288 2.949408 10.342080 78790
1 -12.448800 -3.523968 1.723680 78797
2 -9.192960 1.302336 -2.451456 78803
0 1.570464 0.076608 8.342080 79010
1 -12.410496 -3.140928 -0.153216 79016
2 -11.759328 2.259936 -1.532160 79023
0 0.880992 0.076608 8.311968 79229
1 -12.410496 -0.383040 -0.153216 79236
2 -9.767520 6.664896 -4.060224 79243
0 0.880992 1.838592 9.311968 79450
1 -9.384480 -0.383040 -0.689472 79456
2 -19.265472 1.608768 -2.106720 79463
0 1.532160 1.838592 9.384480 79669
1 -11.384480 -0.574560 1.149120 79675
2 -9.614304 6.682720 -5.630688 79682
0 1.532160 1.608768 8.384480 79890
1 -8.848224 -1.677184 1.876896 79896
2 -9.154656 2.719584 -2.757888 79903
0 1.532160 1.608768 8.384480 80109
1 -9.848224 -1.532160 -0.497952 80116
2 -17.882432 1.761984 -2.642976 80123
0 0.995904 1.608768 8.120448 80329
1 -9.920736 -1.225728 -0.497952 80336
2 -4.213440 -4.400864 -4.443264 80342
0 0.995904 -0.995904 10.801728 80549
1 -9.652608 -2.225728 -0.689472 80556
2 -19.535040 7.518432 -3.332448 80562
0 0.995904 -0.995904 10.801728 80769
1 -11.682720 -4.489760 1.072512 80777
2 -5.592384 -0.153216 -4.711392 80787
0 1.995904 -0.995904 10.801728 80994
1 -12.372192 -4.596480 1.340640 81001
2 -9.924832 2.336544 -3.179232 81007
0 2.417248 1.493856 8.273664 81214
1 -10.372192 -2.528064 0.114912 81220
2 -12.257280 2.183328 -2.566368 81227
0 2.183328 0.076608 8.273664 81434
1 -11.303776 -0.421344 -0.727776 81441
2 -2.834496 -6.052032 -3.179232 81447
0 1.183328 0.076608 12.602016 81654
1 -9.452896 0.076608 0.651168 81661
2 -5.745600 0.651168 -0.383040 81667
0 1.183328 0.076608 12.602016 81874
1 -9.231264 -2.528064 1.651168 81881
2 -9.959040 1.866048 0.114912 81889
0 1.953504 0.995904 9.039744 82095
1 -12.678624 -4.826304 1.340640 82103
2 -8.963136 1.532160 -1.034208 82109
0 1.034208 -0.114912 8.273664 82316
1 -8.848224 -1.570464 -0.880992 82323
2 -14.963136 1.455552 -3.370752 82329
0 0.034208 -0.114912 8.273664 82536
1 -12.257280 -0.421344 -0.919296 82543
2 -0.995904 -6.818112 -3.830400 82550
0 0.306432 1.378944 9.422784 82757
1 -8.580096 -2.183328 -0.919296 82763
2 -8.963136 0.181888 -1.991808 82769
0 0.306432 1.378944 9.422784 82976
1 -10.418688 -3.183328 0.727776 82983
2 -7.737408 9.729216 -1.417248 82991
0 1.417248 0.034208 8.043840 83197
1 -9.231264 -3.332448 1.800288 83204
2 -10.418688 1.264032 -6.933024 83210
0 1.417248 0.034208 8.043840 83417
1 -8.231264 -3.102624 0.651168 83423
2 -10.073952 1.761984 -2.949408 83430
0 0.421344 2.374848 9.231264 83638
1 -8.733312 -1.102624 0.651168 83644
2 -16.623936 1.761984 -2.566368 83650
0 0.995904 0.804384 9.614304 83857
1 -8.733312 -1.302336 -0.880992 83863
2 -16.623936 -3.907008 -4.404960 83870
0 1.417248 1.723680 9.729216 84077
1 -9.422784 -1.761984 -0.880992 84083
2 -9.346176 2.298240 -2.489760 84092
0 1.149120 0.076608 9.729216 84301
1 -9.269568 -3.447360 0.727776 84307
2 -9.154656 2.634784 -0.651168 84313
0 0.612864 -1.034208 9.422784 84520
1 -9.269568 -3.447360 0.612864 84526
2 -9.154656 2.451456 -2.451456 84533
0 1.340640 -0.038304 10.920736 84739
1 -9.537696 -3.447360 0.612864 84746
2 -10.073952 2.030112 -2.911104 84752
0 1.034208 2.221632 10.763424 84959
1 -9.537696 -1.570464 0.612864 84966
2 -2.949408 -0.689472 -2.911104 84972
0 0.842688 2.221632 9.652608 85179
1 -9.346176 -1.570464 -0.880992 85187
2 -12.104064 -0.689472 -0.919296 85196
0 0.842688 0.995904 8.082144 85403
1 -9.346176 -3.332448 -0.880992 85409
2 -12.104064 17.045280 -0.919296 85415
0 0.076608 -1.455552 9.959040 85622
1 -11.721024 -3.332448 1.838592 85629
2 -8.848224 2.604672 -1.570464 85636
0 0.689472 -0.306432 8.959040 85842
1 -11.721024 -1.332448 1.838592 85849
2 -14.517216 2.183328 -3.064320 85856
0 0.306432 -0.306432 8.197056 86062
1 -11.721024 -1.332448 1.838592 86069
2 -4.136832 2.183328 -3.945312 86075
0 0.306432 2.336544 9.767520 86282
1 -8.043840 -1.570464 0.153216 86289
2 -8.426880 -2.068416 -1.915200 86295
0 0.268128 0.336544 9.767520 86502
1 -10.043840 -1.647072 0.995904 86508
2 -8.426880 19.535040 1.876896 86515
0 0.268128 0.153216 9.767520 86721
1 -10.954944 -3.332448 0.995904 86728
2 -8.426880 19.535040 1.876896 86735
[UNSUBSCRIBED]
Disconnected: EF:AB:B3:C6:97:40 (random) (reason 0x08)
Scanning failed to start (err -69)
0 -0.612864 -0.383040 8.695008 86942
1 -10.954944 -3.332448 0.459648 86949
2 -8.426880 19.535040 1.876896 86956
0 -0.306432 -0.383040 8.695008 87162
1 -8.618400 -1.378944 -0.540352 87170
2 -8.426880 19.535040 1.876896 87176
0 0.766080 2.719584 8.503488 87383
1 -9.920736 -2.378944 -1.991808 87391
2 -8.426880 19.535040 1.876896 87397
[DEVICE]: EF:AB:B3:C6:97:40 (random), AD evt type 0, AD data len 3, RSSI -77
0 1.766080 2.719584 8.503488 87604
1 -9.920736 -2.378944 -1.991808 87610
2 -8.426880 19.535040 1.876896 87617
0 1.264032 2.719584 8.503488 87823
1 -9.920736 -2.451456 -1.991808 87829
2 -8.426880 19.535040 1.876896 87837
Connected: EF:AB:B3:C6:97:40 (random)
Scanning successfully started
0 0.995904 0.068416 8.771616 88044
1 -9.920736 -2.451456 2.872800 88050
2 -8.426880 19.535040 1.876896 88056
0 0.995904 -0.957600 9.771616 88263
1 -9.537696 -2.451456 2.872800 88270
2 -8.426880 19.535040 1.876896 88276
0 0.995904 -0.957600 9.307872 88483
1 -9.537696 -3.600576 2.872800 88491
2 -8.426880 19.535040 1.876896 88498
0 -0.574560 0.042400 9.307872 88704
1 -9.537696 -3.600576 2.872800 88710
2 -8.426880 19.535040 1.876896 88717
0 -0.574560 0.042400 9.307872 88923
1 -9.537696 -3.600576 -5.127200 88930
2 -8.426880 19.535040 1.876896 88937
[UNSUBSCRIBED]
Disconnected: C8:91:07:19:03:58 (random) (reason 0x08)
Scanning failed to start (err -69)
0 -0.574560 0.042400 9.307872 89144
1 -8.120448 -3.026016 1.991808 89150
2 -8.426880 19.535040 1.876896 89157
[ATTRIBUTE] handle 17
0 -0.574560 0.042400 9.307872 89363
1 -9.959040 -0.995904 1.991808 89371
2 -8.426880 19.535040 1.876896 89377
[ATTRIBUTE] handle 19
[SUBSCRIBED]
0 -0.574560 0.042400 9.307872 89584
1 -9.001440 -1.838592 1.915200 89592
2 -15.321600 2.535040 1.876896 89598
0 -0.574560 0.042400 9.307872 89805
1 -9.422784 -3.179232 1.915200 89812
2 -8.350272 3.370752 -1.455552 89818
0 -0.574560 0.042400 9.307872 90024
1 -9.422784 -3.179232 1.953504 90032
2 -8.886528 1.493856 -2.876896 90039
[DEVICE]: C8:91:07:19:03:58 (random), AD evt type 0, AD data len 3, RSSI -72
Connected: C8:91:07:19:03:58 (random)
Scanning successfully started
0 -0.574560 0.042400 9.307872 90246
1 -13.329792 -2.796192 0.953504 90252
2 -9.844128 1.493856 -2.987712 90259
0 -0.574560 0.042400 9.307872 90465
1 -9.154656 -2.796192 0.114912 90472
2 -15.130080 1.723680 -2.681280 90478
0 -0.574560 0.042400 9.307872 90686
1 -8.618400 -1.532160 -0.689472 90693
2 -15.130080 0.919296 -4.826304 90699
[ATTRIBUTE] handle 17
0 -0.574560 0.042400 9.307872 90906
1 -8.618400 -2.911104 -0.689472 90913
2 -6.090336 0.804384 -1.149120 90919
[ATTRIBUTE] handle 19
[SUBSCRIBED]
0 -0.574560 0.042400 9.307872 91126
1 -10.418688 -2.642976 0.842688 91132
2 -9.346176 -0.459648 -1.149120 91139
0 0.727776 -0.574560 8.771616 91346
1 -8.311968 -1.761984 0.574560 91352
2 -9.346176 -0.459648 -1.149120 91359
0 0.727776 -0.574560 8.771616 91566
1 -9.920736 -0.761984 -0.727776 91573
2 -9.422784 2.145024 -3.217536 91579
0 0.076608 0.191520 15.283296 91787
1 -9.920736 -0.957600 -0.574560 91794
2 -2.489760 0.114912 -1.264032 91800
0 0.076608 0.191520 15.283296 92007
1 -10.307872 -0.919296 1.340640 92014
2 -9.184768 18.730656 -1.072512 92020
0 0.880992 1.378944 15.283296 92227
1 -10.840032 -3.677184 1.340640 92235
2 -8.886528 1.771616 -1.187424 92242
0 0.651168 -0.995904 8.158752 92448
1 -9.959040 -1.677184 1.761984 92455
2 -9.729216 1.953504 -3.485664 92461
0 1.651168 -0.995904 9.078048 92667
1 -9.959040 -1.072512 0.761984 92674
2 -15.359904 1.187424 -2.566368 92681
0 1.072512 0.153216 9.078048 92889
1 -8.223072 -1.149120 -0.689472 92895
2 -3.600576 0.536256 -1.902912 92901
0 0.072512 0.153216 11.759328 93108
1 -8.695008 -2.834496 -0.689472 93114
2 -14.670432 -0.008192 -2.528064 93121
0 0.574560 1.110816 11.759328 93328
1 -11.452896 -3.834496 0.995904 93336
2 -9.422784 0.995904 -2.451456 93342
0 2.336544 0.110816 8.235360 93549
1 -11.452896 -3.868704 1.995904 93555
2 -8.924832 0.995904 -2.451456 93562
0 2.145024 -0.421344 9.959040 93768
1 -9.269568 -1.455552 0.876896 93774
2 -8.924832 1.838592 -2.528064 93781
0 -0.574560 0.612864 10.303776 93989
1 -10.112256 -1.187424 -0.689472 93995
2 -5.937120 0.187424 -4.443264 94002
0 -0.574560 0.612864 9.959040 94209
1 -9.805824 -2.187424 -0.191520 94215
2 -5.937120 0.612864 -0.443264 94222
0 0.114912 0.842688 9.959040 94428
1 -12.908448 -4.642976 1.302336 94435
2 -9.166944 19.535040 5.094432 94442
0 0.114912 0.842688 8.695008 94648
1 -13.636224 -2.673088 2.528064 94654
2 -8.158752 2.221632 -2.566368 94661
0 0.114912 0.842688 8.695008 94867
1 -8.388576 -1.106720 0.497952 94874
2 -12.218976 2.451456 -3.600576 94880
0 0.842688 -0.306432 9.154656 95088
1 -8.388576 -1.187424 -0.919296 95096
2 -9.039744 6.818112 -3.600576 95104
0 0.880992 3.677184 9.805824 95311
1 -7.545888 -1.953504 -0.919296 95317
2 -11.721024 1.953504 -1.566368 95324
0 0.880992 1.838592 7.775712 95531
1 -9.307872 -3.953504 0.651168 95537
2 -19.535040 -19.535040 7.507584 95544
0 0.880992 1.838592 7.775712 95750
1 -12.218976 -3.447360 1.685376 95757
2 -9.154656 1.723680 -2.719584 95764
0 -1.570464 1.838592 7.775712 95971
1 -12.218976 -3.447360 1.685376 95977
2 -9.154656 1.723680 -2.566368 95985
0 -1.570464 -1.302336 9.461088 96192
1 -9.192960 -1.187424 0.114912 96198
2 -12.640320 6.473376 -3.753792 96205
0 -3.140928 2.697664 9.461088 96411
1 -10.533600 -1.493856 0.310528 96418
2 -6.971328 2.068416 -1.264032 96424
0 -3.140928 2.697664 9.461088 96631
1 -9.652608 -3.409056 3.072512 96640
2 -10.342080 7.545888 -7.890624 96647
0 -3.140928 3.217536 9.192960 96854
1 -12.027456 -3.409056 3.792096 96860
2 -9.499392 1.545888 2.221632 96867
0 -1.302336 -0.782464 9.192960 97073
1 -10.648512 -4.788000 -2.528064 97080
2 -12.690912 2.030112 -0.306432 97088
0 -1.302336 -1.340640 9.882432 97297
1 -8.311968 -0.038304 -6.435072 97304
2 -6.396768 -1.961696 -2.911104 97311
0 -1.302336 -1.340640 9.882432 97517
1 -9.384480 -0.038304 -0.191520 97524
2 -8.580096 2.893280 -9.652608 97530
0 0.038304 1.659360 9.882432 97738
1 -7.009632 -0.612864 1.647072 97745
2 -13.904352 15.168384 -11.414592 97752
0 0.038304 2.298240 9.346176 97959
1 -10.993248 -1.608768 2.030112 97965
2 -10.073952 6.971328 -9.078048 97971
0 -0.038304 -1.701760 9.346176 98178
1 -8.886528 -1.455552 -0.727776 98186
2 -9.499392 1.953504 -2.987712 98193
0 -0.038304 -2.681280 9.959040 98399
1 -8.886528 -1.455552 -1.110816 98406
2 -11.912544 1.800288 -2.336544 98412
0 0.459648 1.991808 7.430976 98619
1 -9.537696 -1.455552 -0.421344 98626
2 -5.285952 -2.259936 -1.532160 98633
0 0.459648 1.991808 7.430976 98840
1 -10.035648 -2.030112 1.915200 98846
2 -12.602016 1.417248 -3.179232 98853
0 1.723680 1.570464 7.430976 99059
1 -9.920736 -3.485664 1.761984 99066
2 -9.269568 13.559616 3.447360 99072
0 0.804384 0.570464 8.963136 99279
1 -13.291488 -3.179232 1.761984 99286
2 -8.771616 1.378944 3.447360 99293
0 0.804384 -0.766080 9.231264 99499
1 -9.078048 -1.179232 0.268128 99506
2 -11.376288 2.566368 -1.838592 99512
0 -0.229824 -0.076608 11.376288 99719
1 -7.078048 -1.225728 -0.574560 99725
2 -9.537696 7.239456 -1.838592 99732
0 0.880992 1.149120 8.350272 99939
1 -7.354368 -2.374848 -0.574560 99945
2 -5.783904 1.149120 0.421344 99952
0 0.880992 1.149120 8.350272 100158
1 -11.354368 -2.374848 0.497952 100164
2 -9.039744 12.027456 0.421344 100171
0 0.727776 1.378944 14.057568 100378
1 -12.525408 -1.290048 1.953504 100385
2 -9.039744 1.804384 -1.838592 100392
0 0.306432 -0.076608 8.273664 100599
1 -8.525408 -1.915200 0.153216 100606
2 -11.759328 3.302336 -3.026016 100612
0 0.306432 -0.076608 8.273664 100819
1 -8.273664 -1.264032 0.153216 100826
2 -1.302336 3.102624 -3.064320 100833
0 0.689472 -0.076608 8.273664 101040
1 -9.307872 -1.608768 -0.689472 101048
2 -6.358464 0.876896 -0.306432 101054
0 0.689472 0.689472 11.376288 101261
1 -9.307872 -2.528064 1.842688 101268
2 -19.535040 -19.535040 -0.076608 101274
0 0.229824 0.689472 11.376288 101482
1 -14.632128 -5.528064 1.072512 101490
2 -9.116352 2.949408 -1.225728 101497
0 0.229824 0.497952 11.376288 101704
1 -14.632128 -5.056128 2.072512 101710
2 -9.116352 2.183328 -1.225728 101718
0 0.229824 0.497952 11.376288 101924
1 -9.346176 -0.766080 0.221632 101931
2 -9.001440 2.604672 -1.800288 101938
0 0.076608 -0.038304 8.158752 102145
1 -9.435072 -2.030112 0.880992 102151
2 -9.001440 5.132736 -1.110816 102158
0 -0.153216 -0.038304 8.158752 102365
1 -12.767520 -2.604672 1.225728 102373
2 -14.517216 15.474816 -3.140928 102379
0 -0.153216 -0.038304 8.158752 102588
1 -10.065760 -3.868704 1.915200 102595
2 -8.963136 1.417248 -7.140928 102602
0 -0.153216 1.034208 8.580096 102808
1 -10.533600 -3.217536 1.915200 102815
2 -10.188864 1.187424 -1.953504 102822
0 -0.153216 0.076608 13.061664 103028
1 -10.533600 -3.217536 0.915200 103036
2 -14.478912 2.106720 -2.451456 103042
0 0.000000 2.076608 13.061664 103249
1 -8.771616 -1.217536 0.766080 103256
2 -4.749696 1.225728 -0.404960 103262
0 0.612864 1.796192 9.039744 103469
1 -8.771616 -1.570464 -0.766080 103476
2 -19.535040 1.225728 -0.268128 103483
0 -0.191520 -0.199712 10.227168 103691
1 -9.537696 -2.604672 -0.766080 103699
2 -9.959040 4.767520 -3.294144 103706
0 -0.191520 -1.110816 10.035648 103912
1 -13.329792 -2.604672 1.761984 103919
2 -9.959040 4.902912 -1.294144 103926
0 -0.191520 -1.110816 10.035648 104133
1 -11.912544 -2.757888 0.229824 104141
2 -8.963136 2.183328 -2.949408 104148
0 -0.689472 -0.344736 8.733312 104354
1 -11.912544 -1.149120 0.229824 104361
2 -8.963136 2.183328 -2.949408 104368
0 -0.689472 2.298240 9.690912 104575
1 -11.912544 -1.149120 -0.421344 104582
2 -8.197056 6.281856 -2.949408 104590
0 0.229824 1.953504 10.188864 104797
1 -9.805824 -0.149120 -0.421344 104803
2 -19.535040 6.281856 -1.608768 104810
0 -0.421344 -1.110816 10.188864 105017
1 -9.805824 -0.383040 1.493856 105024
2 -19.535040 10.954944 -1.608768 105031
0 -0.421344 -1.110816 10.188864 105239
1 -10.073952 -1.264032 1.493856 105246
2 -10.035648 1.954944 -4.021920 105253
0 -0.421344 -1.110816 10.073952 105460
1 -10.073952 -1.264032 1.493856 105468
2 -10.035648 1.953504 -2.642976 105475
0 0.383040 -0.191520 10.073952 105682
1 -8.695008 -1.264032 0.153216 105690
2 -3.255840 -2.949408 -2.987712 105697
0 0.689472 -0.191520 9.920736 105903
1 -8.695008 -2.264032 0.153216 105911
2 -10.255840 -2.949408 -2.987712 105917
0 0.689472 1.264032 8.273664 106124
1 -8.695008 -2.264032 0.153216 106131
2 -10.112256 8.426880 -2.987712 106139
0 0.804384 0.038304 8.503488 106346
1 -8.695008 -2.106720 0.766080 106352
2 -10.112256 8.426880 -2.987712 106359
0 0.804384 -0.076608 9.614304 106566
1 -8.695008 -2.106720 0.766080 106572
2 -9.307872 8.426880 -2.451456 106579
0 -0.766080 3.140928 9.039744 106786
1 -8.695008 -2.106720 0.766080 106794
2 -9.307872 8.426880 -2.451456 106800
0 1.723680 3.140928 9.039744 107007
1 -10.695008 -2.106720 0.766080 107013
2 -9.307872 1.761984 -2.451456 107020
0 1.723680 3.102624 8.197056 107227
1 -10.571904 -3.106720 0.766080 107234
2 -9.307872 1.761984 -1.451456 107241
0 1.723680 3.102624 8.197056 107447
1 -10.571904 -3.294144 0.804384 107454
2 -9.576000 15.321600 -1.493856 107461
0 0.689472 0.114912 9.576000 107668
1 -11.108160 -2.911104 -6.195616 107674
2 -9.576000 15.321600 -1.493856 107681
0 0.689472 0.114912 9.576000 107889
1 -8.618400 -1.608768 -7.316064 107897
2 -16.576000 15.321600 3.294144 107903
0 -0.310528 0.114912 8.043840 108110
1 -8.158752 -1.608768 0.842688 108117
2 -8.279200 -0.114912 -5.554080 108123
0 -1.149120 3.114912 8.043840 108330
1 -12.027456 -2.451456 1.838592 108338
2 -8.695008 16.885088 -5.554080 108345
0 0.268128 -0.804384 9.231264 108552
1 -8.618400 -1.493856 -0.114912 108559
2 -8.695008 16.885088 -5.554080 108566
0 0.651168 -0.804384 9.231264 108772
1 -8.618400 -1.493856 -0.689472 108779
2 -10.150560 1.493856 0.132736 108787
0 0.459648 -0.076608 8.886528 108994
1 -8.537696 -1.455552 -0.383040 109000
2 -16.049376 0.383040 -4.596480 109007
0 0.459648 -0.076608 8.886528 109214
1 -8.580096 -1.570464 0.616960 109221
2 -5.592384 1.608768 -1.596480 109227
0 0.612864 0.987712 9.690912 109434
1 -8.580096 -1.570464 0.616960 109441
2 -18.883872 11.644416 -1.110816 109447
0 0.612864 -0.229824 9.422784 109654
1 -8.388576 -2.489760 1.225728 109662
2 -8.733312 0.306432 -2.872800 109668
0 1.149120 -0.229824 9.422784 109875
1 -8.656704 -1.493856 1.685376 109882
2 -15.781248 1.302336 -4.136832 109890
0 1.034208 1.846784 8.197056 110097
1 -11.031552 -1.493856 -0.383040 110107
2 -2.298240 -0.153216 -3.983616 110114
0 1.034208 2.911104 8.197056 110321
1 -8.031552 -1.838592 0.153216 110327
2 -19.298240 -5.324256 -0.804384 110334
0 0.034208 2.911104 9.461088 110541
1 -8.733312 -2.604672 0.153216 110547
2 -19.535040 6.166944 -3.179232 110554
0 0.034208 2.911104 9.461088 110761
1 -9.652608 -3.140928 0.574560 110767
2 -8.273664 3.523968 -0.179232 110774
0 0.229824 1.302336 8.461088 110981
1 -8.963136 -3.140928 0.995904 110988
2 -9.537696 0.523968 -0.995904 110995
0 0.995904 1.302336 8.311968 111202
1 -8.963136 -1.532160 -0.804384 111208
2 -17.581536 -3.294144 -3.945312 111215
0 1.995904 -0.268128 11.682720 111422
1 -9.844128 -0.651168 -0.804384 111429
2 -17.581536 -3.294144 -3.753792 111436
0 1.995904 -0.268128 11.682720 111643
1 -9.499392 -2.796192 1.995904 111651
2 -9.346176 8.963136 -0.076608 111657
0 1.264032 1.264032 8.682720 111864
1 -8.499392 -2.796192 1.991808 111870
2 -10.073952 8.963136 -4.021920 111877
0 0.000000 1.264032 8.311968 112084
1 -8.388576 -3.983616 -0.229824 112091
2 -9.461088 1.647072 -2.987712 112100
0 0.000000 0.344736 7.967232 112306
1 -7.507584 -1.378944 -0.689472 112313
2 -18.424224 -4.136832 -2.987712 112320
0 0.727776 2.344736 7.967232 112527
1 -7.507584 -2.030112 -0.689472 112533
2 -3.179232 -3.332448 -3.217536 112541
0 0.727776 2.757888 9.499392 112748
1 -8.426880 -2.719584 0.995904 112755
2 -16.535040 11.797632 -3.638880 112761
0 0.727776 2.757888 9.499392 112969
1 -12.333888 -4.213440 2.336544 112976
2 -10.227168 -0.907008 -8.197056 112983
0 0.268128 2.221632 10.499392 113191
1 -10.073952 -1.149120 0.302336 113197
2 -9.269568 1.800288 -2.183328 113204
0 0.651168 2.221632 10.418688 113411
1 -10.073952 -1.149120 0.344736 113418
2 -11.414592 2.489760 -1.417248 113426
0 0.727776 0.536256 12.027456 113633
1 -10.342080 -1.149120 0.344736 113639
2 -5.171040 7.124544 -2.911104 113646
0 0.344736 2.451456 9.307872 113853
1 -10.342080 -1.225728 0.344736 113859
2 -5.171040 0.804384 -0.689472 113866
0 0.344736 2.259936 10.456992 114073
1 -11.376288 -4.060224 0.463744 114079
2 -6.779808 19.535040 4.310528 114087
0 -0.689472 0.114912 10.456992 114294
1 -12.218976 -1.060224 1.953504 114301
2 -8.695008 2.374848 -2.943872 114308
0 -0.114912 -0.229824 10.648512 114515
1 -7.218976 -1.991808 0.421344 114523
2 -12.695008 2.374848 -3.026016 114529
0 -0.114912 -0.229824 10.648512 114736
1 -7.928928 -1.455552 -0.459648 114743
2 -5.094432 2.911104 -2.911104 114750
0 -0.076608 2.770176 10.648512 114957
1 -8.388576 -1.800288 -0.459648 114963
2 -9.346176 18.960480 0.919296 114970
0 -0.076608 3.638880 9.422784 115177
1 -14.440608 -4.443264 1.608768 115185
2 -9.767520 3.638880 -5.630688 115192
0 0.153216 -0.361120 9.422784 115399
1 -9.001440 -1.340640 2.374848 115406
2 -9.039744 2.413152 -2.796192 115412
0 0.153216 -1.838592 10.533600 115619
1 -9.039744 -1.340640 -0.229824 115626
2 -19.152000 -2.008192 -2.451456 115633
0 0.153216 -1.838592 10.533600 115840
1 -9.576000 -1.302336 -0.344736 115847
2 -1.991808 -2.489760 -0.038304 115854
0 0.383040 0.880992 8.043840 116061
1 -9.576000 -0.306432 0.655264 116067
2 -15.015168 -2.489760 -0.038304 116073
0 1.570464 3.880992 8.043840 116280
1 -8.465184 -3.792096 4.519872 116289
2 -9.495296 5.822208 -0.191520 116296
0 0.536256 3.523968 9.959040 116502
1 -11.465184 -3.792096 4.519872 116509
2 -9.690912 0.574560 -1.608768 116516
0 0.536256 3.523968 9.959040 116722
1 -11.108160 -4.328352 0.519872 116729
2 -17.236800 -1.608768 -3.907008 116737
0 0.191520 -0.880992 9.384480 116944
1 -10.108160 -4.328352 0.268128 116951
2 -6.281856 -1.608768 -3.907008 116958
0 0.191520 1.876896 8.384480 117165
1 -8.686816 -1.340640 -0.766080 117171
2 -11.797632 3.294144 -6.933024 117178
0 3.447360 1.876896 8.809920 117386
1 -13.924832 -2.489760 1.800288 117393
2 -8.618400 16.011072 -9.307872 117400
0 1.447360 2.374848 8.465184 117607
1 -13.061664 -2.489760 1.800288 117613
2 -8.388576 16.011072 -5.056128 117620
0 1.876896 -1.761984 9.882432 117827
1 -9.384480 -3.102624 -0.766080 117834
2 -10.954944 2.413152 -2.796192 117840
0 2.681280 -1.761984 9.882432 118047
1 -9.384480 -1.493856 -0.536256 118054
2 -3.409056 1.647072 -0.919296 118060
0 2.681280 -1.225728 10.686816 118267
1 -7.507584 -3.140928 0.995904 118274
2 -6.626592 1.378944 -0.923392 118280
0 2.681280 -1.225728 10.686816 118488
1 -8.733312 -2.642976 1.991808 118496
2 -6.320160 19.535040 -0.880992 118502
0 1.647072 2.221632 10.686816 118709
1 -11.989152 -4.060224 1.225728 118715
2 -9.154656 0.421344 -2.757888 118722
0 0.306432 -0.880992 9.959040 118929
1 -10.150560 -1.378944 0.225728 118936
2 -10.112256 2.030112 -1.608768 118943
0 2.306432 -0.880992 9.422784 119149
1 -11.452896 -1.800288 0.076608 119156
2 -11.108160 3.753792 -4.213440 119163
0 2.298240 0.421344 9.422784 119370
1 -9.997344 -1.800288 -0.612864 119376
2 -3.753792 0.000000 -4.213440 119384
0 1.340640 1.991808 12.180672 119591
1 -11.069856 -0.957600 1.455552 119599
2 -12.870144 1.493856 -2.451456 119606
0 1.340640 1.991808 8.235360 119812
1 -12.985056 -3.715488 1.493856 119819
2 -8.695008 3.217536 -3.294144 119826
0 1.340640 1.991808 8.235360 120033
1 -8.311968 -2.834496 0.000000 120041
2 -8.656704 2.489760 -3.140928 120048
0 1.991808 2.145024 8.235360 120255
1 -8.311968 -1.723680 -0.804384 120261
2 -11.337984 2.145024 -1.340640 120268
0 2.872800 0.145024 12.831840 120475
1 -12.716928 -1.187424 -0.421344 120483
2 -5.668992 7.316064 -0.497952 120491
0 2.872800 0.459648 11.299680 120697
1 -11.350272 -2.681280 1.417248 120704
2 -10.227168 0.689472 -0.421344 120711
0 0.766080 0.459648 11.299680 120918
1 -11.184768 -4.213440 1.417248 120926
2 -10.227168 2.298240 -8.924832 120933
0 0.766080 0.459648 11.912544 121141
1 -11.223072 -2.221632 0.532160 121148
2 -9.461088 1.034208 -2.145024 121154
0 0.459648 -0.612864 9.690912 121361
1 -8.809920 -1.532160 0.766080 121369
2 -16.307872 1.991808 -2.489760 121375
0 1.493856 -0.612864 9.690912 121582
1 -6.435072 -2.413152 -0.536256 121591
2 -2.757888 -7.316064 -2.106720 121598
0 1.493856 1.876896 9.690912 121805
1 -9.435072 -2.413152 0.842688 121812
2 -7.660800 1.723680 -2.106720 121818
0 0.957600 1.570464 8.120448 122025
1 -11.269568 -2.528064 1.532160 122032
2 -9.614304 10.227168 -1.264032 122039
0 1.072512 -2.183328 9.997344 122246
1 -11.797632 -4.366656 1.532160 122252
2 -8.809920 10.227168 -8.043840 122259
0 1.072512 -2.183328 9.997344 122466
1 -8.695008 -1.264032 1.455552 122473
2 -12.525408 2.796192 -3.217536 122480
0 0.842688 -0.183328 9.997344 122688
1 -6.052032 -2.068416 -0.268128 122696
2 -4.580096 6.166944 -3.255840 122703
0 0.842688 -0.268128 8.809920 122909
1 -9.499392 -2.183328 0.995904 122916
2 -4.213440 1.225728 -1.455552 122923
0 0.038304 1.149120 8.809920 123130
1 -11.491200 -2.183328 1.110816 123136
2 -19.535040 -19.535040 9.537696 123143
0 0.038304 1.149120 7.584192 123350
1 -9.491200 -3.600576 1.532160 123356
2 -10.073952 1.378944 -2.145024 123363
0 -0.076608 -1.302336 7.584192 123570
1 -9.499392 -1.600576 1.532160 123577
2 -9.499392 1.915200 -2.298240 123584
0 0.038304 0.497952 12.614304 123792
1 -9.499392 -0.110816 0.191520 123799
2 -4.571904 1.953504 -2.528064 123805
0 0.076608 0.306432 12.908448 124012
1 -8.886528 -1.957600 -0.114912 124018
2 -4.404960 -1.493856 -2.528064 124025
0 0.076608 0.306432 8.235360 124232
1 -8.886528 -1.953504 -0.114912 124239
2 -19.535040 7.201152 -4.711392 124246
0 0.000000 0.876896 10.456992 124453
1 -8.886528 -1.953504 -0.114912 124460
2 -10.533600 7.201152 -4.711392 124467
0 0.000000 -0.957600 9.499392 124673
1 -11.886528 -1.953504 0.766080 124680
2 -10.533600 2.145024 -0.651168 124688
0 0.995904 -0.383040 9.346176 124894
1 -11.886528 -1.953504 0.766080 124901
2 -10.188864 1.991808 -2.987712 124908
0 0.995904 -0.383040 9.346176 125115
1 -11.529504 -3.332448 0.766080 125121
2 -1.953504 -5.400864 -2.987712 125128
0 0.995904 2.259936 9.614304 125335
1 -9.192960 -3.332448 2.642976 125342
2 -19.953504 -5.400864 -0.727776 125348
0 0.995904 2.259936 9.614304 125555
1 -11.606112 -2.834496 1.570464 125563
2 -9.346176 11.337984 -4.826304 125570
0 0.651168 1.225728 9.614304 125777
1 -9.606112 -4.251744 0.689472 125784
2 -9.269568 1.991808 -2.336544 125792
0 0.651168 1.225728 12.257280 125998
1 -9.116352 -1.251744 0.689472 126005
2 -9.269568 1.991808 -2.336544 126012
0 0.651168 1.225728 12.257280 126218
1 -9.116352 -1.838592 0.689472 126226
2 -11.269568 1.991808 -2.336544 126232
0 0.612864 1.655264 10.188864 126440
1 -8.116352 -1.838592 -0.919296 126447
2 -11.491200 1.991808 -2.336544 126453
0 0.612864 2.451456 10.342080 126660
1 -8.197056 -1.838592 -0.919296 126667
2 -11.491200 2.949408 -2.336544 126674
0 -0.693568 -0.306432 8.963136 126881
1 -8.197056 -1.149120 -0.919296 126890
2 -11.491200 2.949408 -1.336544 126896
0 -0.264032 -0.153216 8.197056 127103
1 -8.197056 -1.149120 0.080704 127110
2 -11.491200 2.949408 -1.336544 127116
0 0.536256 0.574560 12.065760 127323
1 -8.197056 -1.149120 1.149120 127330
2 -10.491200 2.949408 -1.953504 127337
0 1.264032 2.145024 8.733312 127544
1 -8.197056 -1.149120 1.149120 127551
2 -10.491200 2.949408 -1.953504 127557
0 1.723680 3.447360 8.924832 127764
1 -8.197056 -1.149120 1.149120 127771
2 -10.073952 1.034208 -1.953504 127777
0 1.723680 3.447360 8.924832 127985
1 -9.078048 -1.149120 1.149120 127992
2 -10.954944 1.034208 -2.451456 127999
0 1.264032 -0.114912 9.844128 128206
1 -9.078048 -1.493856 -1.850880 128213
2 -10.954944 0.034208 -2.451456 128219
0 1.225728 -0.114912 9.844128 128426
1 -9.078048 -1.493856 -1.850880 128433
2 -10.954944 0.421344 -2.451456 128440
0 1.225728 -0.114912 9.844128 128647
1 -9.078048 -1.493856 -2.451456 128654
2 -15.551424 -1.378944 -5.132736 128661
0 1.225728 -1.149120 9.346176 128868
1 -9.422784 -1.493856 -2.451456 128875
2 -6.396768 -1.378944 -5.132736 128881
0 1.225728 -1.149120 9.346176 129090
1 -9.269568 -2.719584 -2.221632 129097
2 -9.576000 0.191520 -1.685376 129104
0 1.225728 -1.149120 9.346176 129311
1 -8.388576 -2.719584 0.689472 129318
2 -10.192960 2.757888 -2.489760 129324
0 1.225728 -1.149120 9.346176 129533
1 -8.388576 -1.685376 0.689472 129541
2 -10.073952 1.608768 -2.489760 129548
0 1.110816 0.919296 8.771616 129755
1 -8.388576 -1.685376 -0.497952 129762
2 -13.253184 3.608768 -2.221632 129769
0 1.110816 0.919296 8.771616 129976
1 -10.073952 -1.493856 -0.497952 129983
2 -7.699104 0.459648 -0.153216 129991
0 0.804384 2.336544 8.848224 130198
1 -10.073952 -1.493856 -0.497952 130204
2 -9.346176 11.184768 -0.153216 130211
0 0.804384 2.336544 8.848224 130418
1 -14.785344 -4.136832 -0.383040 130424
2 -8.963136 3.026016 -2.604672 130432
0 0.804384 2.336544 8.848224 130638
1 -10.648512 -1.532160 1.647072 130645
2 -8.874240 2.221632 -0.919296 130651
0 0.804384 2.336544 8.848224 130858
1 -10.571904 -0.076608 -0.612864 130865
2 -8.465184 5.439168 -1.455552 130872
0 0.804384 2.336544 8.848224 13[UNSUBSCRIBED]
Disconnected: C8:91:07:19:03:58 (random) (reason 0x08)
Scanning failed to start (err -69)
1079
1 -9.307872 -2.374848 1.302336 131188
2 -19.535040 2.719584 -1.455552 131195
0 0.804384 2.336544 8.848224 131402
1 -11.337984 -4.374848 1.302336 131409
2 -19.535040 -19.535040 4.021920 131415
0 0.804384 2.336544 8.848224 131622
1 -9.337984 -4.481568 1.608768 131631
2 -10.614304 1.493856 -2.298240 131642
[DEVICE]: C8:91:07:19:03:58 (random), AD evt type 0, AD data len 3, RSSI -75
Connected: C8:91:07:19:03:58 (random)
Scanning successfully started
0 0.804384 2.336544 8.848224 131850
1 -9.001440 -1.455552 1.608768 131856
2 -10.495296 2.493856 -2.298240 131863
0 0.804384 2.336544 8.848224 132070
1 -6.001440 -1.455552 -0.344736 132076
2 -4.495296 2.068416 -2.949408 132083
[ATTRIBUTE] handle 17
0 0.804384 2.336544 8.848224 132290
1 -6.052032 -2.455552 -0.344736 132296
2 -4.290048 2.068416 -2.949408 132303
[ATTRIBUTE] handle 19
[SUBSCRIBED]
0 0.804384 2.336544 8.848224 132510
1 -10.801728 -4.183328 1.532160 132516
2 -4.290048 2.068416 -2.949408 132523
0 0.574560 2.336544 8.848224 132729
1 -8.848224 -4.213440 1.608768 132737
2 -9.729216 1.264032 -0.306432 132744
0 0.574560 0.689472 7.928928 132951
1 -8.848224 -1.187424 0.268128 132958
2 -17.811360 -1.034208 -5.285952 132964
0 0.804384 0.459648 7.660800 133171
1 -6.818112 -1.187424 0.268128 133178
2 -1.570464 -1.034208 -5.285952 133185
0 0.306432 0.880992 7.660800 133392
1 -6.818112 -2.451456 1.417248 133399
2 -6.818112 19.535040 3.893280 133406
0 0.421344 0.995904 8.350272 133612
1 -10.456992 -2.451456 1.417248 133620
2 -7.699104 19.535040 4.519872 133627
0 0.421344 0.995904 13.904352 133834
1 -9.154656 -0.497952 1.953504 133842
2 -8.848224 2.298240 -2.933024 133849
0 0.766080 -0.766080 13.904352 134055
1 -10.035648 -1.340640 0.191520 134062
2 -10.801728 2.106720 -1.991808 134069
0 0.766080 -0.766080 9.690912 134275
1 -10.035648 -1.340640 -0.612864 134282
2 -13.444704 1.723680 -3.715488 134289
0 0.727776 2.413152 9.690912 134496
1 -6.703200 -1.723680 -0.612864 134504
2 -6.052032 1.378944 -0.715488 134510
0 0.842688 2.413152 9.461088 134717
1 -10.571904 -3.723680 0.804384 134724
2 -19.535040 9.192960 -3.140928 134731
0 0.842688 2.336544 10.461088 134939
1 -10.112256 -2.719584 0.259936 134945
2 -9.039744 1.953504 -2.221632 134952
0 1.876896 2.336544 10.188864 135159
1 -8.809920 -1.719584 0.880992 135167
2 -9.461088 1.953504 -2.221632 135175
0 1.876896 2.336544 10.188864 135382
1 -10.418688 -1.493856 -0.421344 135389
2 -15.819552 -0.766080 -4.596480 135396
0 1.876896 -0.766080 9.537696 135603
1 -9.001440 -1.915200 0.076608 135609
2 -3.294144 1.110816 -0.191520 135616
0 1.264032 0.233920 9.537696 135823
1 -9.001440 -1.378944 1.532160 135830
2 -8.963136 8.388576 -3.447360 135838
0 1.264032 1.417248 8.426880 136044
1 -9.001440 -2.796192 1.532160 136052
2 -9.001440 2.060224 -1.570464 136058
0 1.532160 -1.493856 9.384480 136265
1 -8.273664 -1.796192 1.302336 136271
2 -10.035648 1.336544 -2.757888 136278
0 2.374848 -0.842688 10.610208 136485
1 -11.223072 -1.608768 -0.689472 136492
2 -10.035648 1.876896 -2.719584 136499
0 2.374848 -0.842688 10.610208 136706
1 -10.686816 -1.340640 0.497952 136713
2 -6.090336 0.804384 -3.064320 136720
0 1.991808 2.157312 10.610208 136927
1 -10.686816 -1.455552 1.876896 136934
2 -17.083584 12.065760 -6.421344 136942
0 1.532160 -0.651168 9.422784 137149
1 -7.660800 -2.834496 1.876896 137156
2 -9.882432 2.183328 -1.800288 137163
0 2.336544 -1.340640 10.533600 137370
1 -8.618400 -2.834496 2.872800 137377
2 -9.422784 1.302336 -1.953504 137383
0 1.336544 -1.340640 9.729216 137590
1 -5.400864 -0.842688 -1.225728 137597
2 -11.299680 1.417248 -1.264032 137604
0 1.876896 0.229824 12.793536 137811
1 -5.400864 -3.830400 1.774272 137817
2 -11.299680 1.417248 -1.264032 137824
0 1.149120 0.229824 12.793536 138031
1 -8.273664 -2.681280 2.030112 138040
2 -14.134176 8.465184 -11.529504 138046
0 1.149120 0.229824 12.793536 138253
1 -10.763424 -1.685376 -0.536256 138260
2 -9.805824 -4.136832 -1.570464 138267
0 1.149120 0.229824 12.793536 138474
1 -10.380384 -3.026016 -0.536256 138482
2 -8.426880 3.255840 -2.221632 138490
0 1.149120 1.723680 8.503488 138696
1 -7.814016 -1.026016 -4.481568 138703
2 -10.763424 1.255840 -0.957600 138709
0 0.957600 -3.276320 8.503488 138916
1 -10.073952 -1.761984 -1.264032 138923
2 -3.409056 0.459648 -0.766080 138932
0 1.723680 -4.175136 10.227168 139140
1 -9.576000 -2.642976 0.229824 139146
2 -4.519872 3.370752 -2.026016 139153
0 1.723680 2.604672 10.227168 139360
1 -11.950848 -2.642976 1.838592 139366
2 -19.343520 -5.629248 -2.757888 139373
0 0.957600 -0.383040 9.465184 139580
1 -12.180672 -3.294144 1.264032 139587
2 -8.809920 0.909664 -3.868704 139595
0 1.876896 -0.383040 9.537696 139801
1 -12.180672 -2.834496 0.264032 139809
2 -8.963136 2.145024 -2.911104 139815
0 1.876896 -0.383040 9.537696 140022
1 -10.150560 -0.651168 -0.114912 140030
2 -2.336544 -1.259936 -6.128640 140040
0 1.876896 -0.383040 9.537696 140247
1 -10.840032 0.076608 -0.344736 140253
2 -18.462528 2.123104 -1.264032 140260
0 1.876896 -0.383040 9.537696 140467
1 -8.924832 -2.183328 1.766080 140473
2 -19.535040 -8.809920 -2.489760 140480
0 1.876896 -0.383040 9.537696 140687
1 -13.406400 -4.213440 2.183328 140694
2 -9.384480 1.149120 -1.723680 140701
0 1.876896 -0.383040 9.537696 140907
1 -8.388576 -1.493856 -0.383040 140914
2 -9.154656 0.651168 -3.528064 140921
0 1.876896 -0.383040 9.537696 141127
1 -6.090336 -1.455552 -0.383040 141135
2 -16.125984 -0.344736 -3.945312 141142
0 1.876896 -0.383040 9.537696 141349
1 -8.273664 -2.719584 1.417248 141355
2 -5.209344 -0.209344 -2.681280 141362
[UNSUBSCRIBED]
Disconnected: C8:91:07:19:03:58 (random) (reason 0x08)
Scanning failed to start (err -69)
0 1.876896 -0.383040 9.537696 141569
1 -9.499392 -3.064320 1.340640 141575
2 -5.975424 19.535040 5.285952 141582
0 1.876896 -0.383040 9.537696 141789
1 -11.414592 -4.064320 1.723680 141796
2 -8.809920 12.180672 -6.511680 141803
[DEVICE]: C8:91:07:19:03:58 (random), AD evt type 0, AD data len 3, RSSI -66
Connected: C8:91:07:19:03:58 (random)
Scanning successfully started
0 1.876896 -0.383040 9.537696 142009
1 -8.414592 -4.328352 1.608768 142016
2 -9.307872 0.957600 -2.451456 142023
0 1.876896 -0.383040 9.537696 142230
1 -10.848224 -0.995904 0.114912 142236
2 -9.116352 1.072512 -2.834496 142243
0 1.876896 -0.383040 9.537696 142450
1 -9.418688 -0.880992 -0.344736 142456
2 -17.504928 0.306432 -5.285952 142463
0 1.876896 -0.383040 9.537696 142670
1 -8.269568 -1.264032 1.340640 142677
2 -4.864608 1.953504 -1.149120 142684
[ATTRIBUTE] handle 17
[ATTRIBUTE] handle 19
[SUBSCRIBED]
0 1.876896 -0.383040 9.537696 142893
1 -8.273664 -2.489760 1.340640 142900
2 -12.793536 1.378944 -3.792096 142906
0 1.876896 -0.383040 9.537696 143113
1 -9.844128 -0.489760 2.145024 143120
2 -9.192960 -0.723680 -4.941216 143126
0 1.761984 -0.383040 9.537696 143333
1 -9.384480 -1.574560 0.536256 143340
2 -9.192960 0.651168 -2.566368 143347
0 0.804384 2.374848 9.078048 143553
1 -7.469280 -2.183328 0.885088 143560
2 -18.192960 0.651168 -2.566368 143566
0 0.804384 2.374848 9.078048 143773
1 -8.580096 -2.183328 1.034208 143780
2 -19.768960 -3.792096 -5.630688 143788
0 0.574560 2.374848 9.078048 143995
1 -11.299680 -3.757888 0.727776 144001
2 -9.767520 9.920736 -3.677184 144008
0 1.034208 0.651168 8.350272 144215
1 -10.299680 -3.409056 2.183328 144221
2 -9.767520 0.306432 -2.413152 144228
0 1.034208 0.536256 8.350272 144435
1 -10.227168 -2.409056 2.183328 144442
2 -9.767520 0.306432 -2.413152 144449
0 1.378944 0.153216 8.350272 144655
1 -10.227168 -2.987712 0.183328 144663
2 -9.576000 1.953504 -2.911104 144670
0 1.378944 0.153216 11.912544 144876
1 -7.316064 -1.991808 1.842688 144884
2 -1.532160 -3.907008 -1.034208 144892
0 1.034208 0.153216 11.912544 145099
1 -8.503488 -2.604672 1.493856 145110
2 -17.734752 -19.907008 -1.034208 145117
0 1.034208 0.153216 11.912544 145324
1 -8.503488 -2.604672 1.876896 145330
2 -17.734752 -19.535040 -1.034208 145338
0 1.034208 3.332448 9.346176 145545
1 -12.563712 -2.604672 1.876896 145551
2 -9.154656 -19.535040 12.257280 145558
0 0.038304 0.497952 9.346176 145765
1 -12.563712 -2.987712 1.876896 145771
2 -9.154656 2.183328 12.257280 145778
0 0.880992 2.183328 9.652608 145985
1 -12.448800 -2.987712 0.612864 145993
2 -9.154656 2.183328 -3.064320 146000
0 1.302336 0.804384 9.652608 146207
1 -12.448800 -1.149120 0.612864 146213
2 -2.528064 -2.816672 -3.064320 146220
0 1.761984 0.651168 9.311968 146427
1 -12.448800 -1.149120 -0.038304 146434
2 -10.528064 -3.677184 -3.409056 146441
0 1.034208 0.229824 8.082144 146648
1 -12.448800 -1.149120 -0.038304 146654
2 -10.528064 -3.677184 -3.409056 146661
[UNSUBSCRIBED]
Disconnected: EF:AB:B3:C6:97:40 (random) (reason 0x08)
Scanning failed to start (err -69)
0 0.727776 2.528064 10.571904 146868
1 -12.448800 -1.149120 -0.038304 146875
2 -10.528064 -3.677184 -3.409056 146882
0 0.421344 2.183328 9.384480 147090
1 -12.870144 -1.149120 -0.038304 147096
2 -10.528064 -3.677184 -3.409056 147108
0 1.302336 0.689472 9.384480 147315
1 -12.870144 -1.149120 -0.038304 147321
2 -10.528064 -3.677184 -3.409056 147328
[DEVICE]: EF:AB:B3:C6:97:40 (random), AD evt type 0, AD data len 3, RSSI -73
0 1.302336 0.689472 8.082144 147536
1 -12.870144 -3.149120 -0.038304 147543
2 -10.528064 -3.677184 -3.409056 147550
Connected: EF:AB:B3:C6:97:40 (random)
Scanning successfully started
0 0.880992 0.493856 13.099968 147757
1 -12.870144 -3.149120 -0.038304 147764
2 -10.528064 -3.677184 -3.409056 147771
0 1.647072 -0.651168 9.422784 147978
1 -12.870144 -3.830400 1.961696 147986
2 -10.528064 -3.677184 -3.409056 147993
0 1.187424 -0.268128 9.384480 148200
1 -12.870144 -3.830400 1.961696 148207
2 -10.528064 -3.677184 -3.409056 148214
0 1.187424 3.332448 9.001440 148420
1 -12.870144 -3.830400 2.259936 148427
2 -10.528064 -3.677184 -3.409056 148434
[ATTRIBUTE] handle 17
0 1.187424 3.332448 9.001440 148641
1 -10.112256 -2.834496 2.259936 148647
2 -10.528064 -3.677184 -3.409056 148654
0 0.995904 3.102624 10.001440 148861
1 -10.112256 -2.834496 -2.740064 148868
2 -10.528064 -3.677184 -3.409056 148875
[ATTRIBUTE] handle 19
[SUBSCRIBED]
0 0.995904 3.102624 10.001440 149082
1 -10.725120 -2.834496 -3.945312 149089
2 -10.528064 -3.677184 -3.409056 149096
0 0.995904 3.102624 10.001440 149304
1 -10.801728 -1.221632 -1.723680 149311
2 -16.892064 0.536256 -5.400864 149318
0 0.919296 -0.897376 10.073952 149525
1 -8.801728 -1.455552 -0.880992 149533
2 -3.179232 1.800288 -5.400864 149541
0 0.919296 -1.340640 8.924832 149748
1 -10.695008 -2.451456 1.800288 149754
2 -7.047936 1.800288 -2.604672 149761
0 -0.536256 -1.340640 8.924832 149967
1 -10.418688 -2.451456 1.800288 149975
2 -7.047936 1.838592 -1.604672 149981
0 -0.344736 0.259936 9.729216 150189
1 -10.303776 -3.255840 1.838592 150195
2 -9.269568 1.493856 -1.723680 150202
0 -1.800288 0.076608 9.269568 150409
1 -10.303776 -1.034208 -1.110816 150415
2 -9.269568 1.493856 -1.723680 150422
0 -1.800288 0.919296 12.027456 150629
1 -8.082144 -1.034208 -1.110816 150638
2 -12.372192 2.336544 -0.574560 150645
0 0.651168 2.987712 12.027456 150852
1 -8.082144 -1.417248 1.532160 150858
2 -19.535040 9.336544 -0.574560 150865
0 0.651168 2.987712 8.771616 151072
1 -11.031552 -3.294144 2.532160 151079
2 -9.384480 0.464960 13.023360 151087
0 0.651168 2.987712 8.771616 151294
1 -10.840032 -0.995904 0.221632 151300
2 -10.265472 2.570464 -1.953504 151307
0 0.919296 2.221632 10.771616 151514
1 -8.848224 -1.110816 0.651168 151521
2 -19.535040 2.106720 -3.140928 151528
0 0.000000 2.221632 10.227168 151735
1 -8.848224 -1.110816 0.651168 151742
2 -19.535040 -4.902912 -3.638880 151748
0 0.000000 3.409056 9.844128 151955
1 -10.763424 -0.110816 -0.306432 151962
2 -5.668992 1.264032 -0.651168 151969
0 0.000000 3.409056 9.844128 152175
1 -10.763424 -0.191520 0.693568 152182
2 -10.725120 10.495296 -8.350272 152190
0 1.187424 2.528064 10.342080 152397
1 -10.418688 -3.830400 1.149120 152405
2 -9.346176 1.455552 -2.336544 152412
0 1.187424 -0.459648 8.342080 152619
1 -7.775712 -1.455552 0.340640 152625
2 -17.734752 -2.042400 -3.179232 152632
0 1.187424 -0.459648 8.342080 152839
1 -6.703200 -2.528064 0.693568 152846
2 -3.715488 0.880992 -1.187424 152852
0 0.536256 2.757888 9.426880 153059
1 -8.703200 -2.528064 1.378944 153065
2 -19.535040 0.880992 -1.187424 153072
0 0.842688 1.685376 13.483008 153279
1 -12.525408 -4.757888 1.187424 153287
2 -6.473376 -0.718144 -3.447360 153294
0 1.455552 -0.314624 13.483008 153501
1 -9.154656 -4.098528 1.991808 153508
2 -8.005536 1.991808 -3.523968 153515
0 1.455552 -0.314624 13.483008 153721
1 -9.154656 -0.612864 0.574560 153728
2 -9.997344 1.264032 -3.761984 153736
0 1.455552 -1.340640 10.035648 153943
1 -10.188864 -1.455552 0.574560 153950
2 -9.729216 4.788000 -1.523968 153957
0 0.229824 1.659360 10.035648 154163
1 -8.005536 -2.455552 -0.114912 154170
2 -5.285952 0.919296 -0.842688 154176
0 0.229824 2.183328 9.844128 154383
1 -9.499392 -2.834496 2.378944 154391
2 -11.721024 -4.290048 -2.796192 154397
0 -0.306432 -1.302336 10.844128 154604
1 -11.069856 -2.834496 2.413152 154611
2 -11.721024 -4.290048 10.203808 154618
0 -0.306432 -1.302336 10.150560 154825
1 -7.069856 -2.796192 1.072512 154832
2 -8.963136 2.183328 -2.834496 154839
0 0.383040 -0.114912 8.273664 155046
1 -7.852320 -1.570464 1.072512 155052
2 -18.539136 -3.523968 -3.447360 155059
0 0.536256 1.915200 8.963136 155266
1 -8.350272 -1.225728 -0.229824 155273
2 -1.149120 -5.515776 -1.991808 155280
0 0.842688 2.374848 9.963136 155488
1 -9.422784 -2.225728 1.417248 155495
2 -19.535040 9.116352 -1.991808 155502
0 0.842688 2.374848 9.963136 155709
1 -10.456992 -2.719584 2.259936 155716
2 -9.307872 -0.880992 -5.668992 155723
0 1.072512 -0.038304 7.882432 155929
1 -10.456992 -2.528064 1.259936 155937
2 -10.380384 0.612864 -1.685376 155944
0 1.110816 -0.038304 7.660800 156151
1 -8.426880 -2.528064 1.149120 156157
2 -12.027456 5.783904 -2.026016 156163
0 1.110816 -0.038304 7.660800 156370
1 -8.426880 -1.647072 -0.574560 156378
2 -3.217536 -0.268128 -1.455552 156386
0 2.766080 0.612864 8.388576 156593
1 -8.388576 -2.298240 1.493856 156599
2 -12.295584 18.079488 -1.455552 156606
0 2.068416 1.072512 8.388576 156815
1 -11.299680 -3.677184 1.493856 156822
2 -8.848224 3.638880 -1.949408 156828
0 0.153216 -0.344736 12.410496 157035
1 -11.299680 -3.677184 2.145024 157042
2 -9.154656 2.106720 -2.991808 157049
0 0.153216 -0.344736 8.886528 157256
1 -8.299680 -3.677184 2.145024 157263
2 -19.075392 -0.893280 -2.528064 157270
0 0.114912 -0.651168 10.035648 157477
1 -8.733312 -0.919296 0.145024 157485
2 -2.796192 1.953504 -3.409056 157492
0 0.612864 -0.651168 10.035648 157699
1 -8.082144 -2.298240 1.272224 157705
2 -16.279200 13.023360 -10.916640 157712
0 0.612864 -0.651168 10.035648 157919
1 -9.882432 -2.298240 2.796192 157926
2 -15.015168 -9.039744 9.499392 157933
0 0.919296 -0.850880 8.771616 158141
1 -9.844128 -2.528064 -0.191520 158148
2 -10.188864 0.957600 -0.957600 158155
0 0.919296 -1.915200 9.499392 158361
1 -10.380384 -2.528064 -5.707296 158368
2 -9.767520 2.604672 -0.957600 158375
0 0.651168 -1.915200 9.499392 158582
1 -10.227168 -1.034208 -0.183328 158590
2 -4.826304 1.544448 -2.451456 158597
0 0.651168 -1.915200 9.499392 158803
1 -8.426880 -1.034208 0.344736 158810
2 -14.555520 4.374848 -5.937120 158817
0 0.651168 -1.915200 9.499392 159024
1 -8.426880 -1.302336 1.034208 159030
2 -10.456992 4.098528 -6.013728 159037
0 0.651168 -1.915200 9.499392 159244
1 -12.755232 -1.876896 1.761984 159250
2 -9.078048 1.570464 5.554080 159257
0 0.651168 -1.915200 9.499392 159463
1 -8.924832 -2.298240 0.000000 159470
2 -9.154656 1.340640 -1.953504 159477
0 0.651168 -1.915200 9.499392 159684
1 -13.099968 -1.225728 -0.229824 159692
2 -8.388576 8.374848 -0.651168 159699
0 0.651168 -1.915200 9.499392 159906
1 -8.158752 -1.225728 -0.574560 159913
2 -5.324256 0.612864 0.191520 159919
0 0.651168 -1.915200 9.499392 160126
1 -9.346176 -2.681280 1.532160 160133
2 -17.696448 2.796192 -2.068416 160139
0 0.651168 -1.915200 9.499392 160346
1 -13.176576 -4.251744 1.876896 160353
2 -9.116352 0.880992 -2.243552 160360
0 0.651168 -1.915200 9.499392 160567
1 -8.924832 -1.072512 1.723680 160574
2 -9.078048 1.455552 -2.29[UNSUBSCRIBED]
Disconnected: C8:91:07:19:03:58 (random) (reason 0x08)
Scanning failed to start (err -69)
8240 160581
0 0.651168 -1.915200 9.[DEVICE]: C8:91:07:19:03:58 (random), AD evt type 0, AD data len 3, RSSI -68
Connected: C8:91:07:19:03:58 (random)
4
Scanning successfully started
99392 160889
1 -9.039744 -2.451456 1.340640 161105
2 -5.439168 1.340640 -1.187424 161112
0 0.651168 -1.915200 9.499392 161319
1 -9.039744 -2.183328 1.647072 161325
2 -14.134176 14.747040 -1.187424 161332
0 0.651168 -1.915200 9.499392 161540
1 -13.329792 -2.949408 2.106720 161548
2 -8.618400 -0.727776 -5.515776 161555
0 0.651168 -1.915200 9.499392 161761
1 -13.329792 -2.949408 0.344736 161768
2 -8.618400 0.842688 -3.983616 161775
0 0.651168 -1.915200 9.499392 161982
1 -8.580096 -1.187424 0.344736 161990
2 -16.509024 -0.770176 -2.911104 161997
0 0.651168 -1.915200 9.499392 162204
1 -9.690912 -0.536256 0.344736 162211
2 -1.647072 -2.302336 -0.536256 162217
[ATTRIBUTE] handle 17
0 0.651168 -1.915200 9.499392 162424
1 -8.963136 -1.915200 0.306432 162431
2 -14.019264 14.823648 -3.332448 162439
[ATTRIBUTE] handle 19
[SUBSCRIBED]
0 0.651168 -1.915200 9.499392 162646
1 -10.035648 -2.949408 0.804384 162653
2 -9.154656 3.255840 -2.374848 162660
0 0.651168 -1.915200 9.499392 162866
1 -11.146464 -2.949408 0.842688 162873
2 -8.652608 0.651168 -2.566368 162879
0 0.651168 -1.915200 9.499392 163088
1 -9.805824 -1.340640 -0.804384 163094
2 -9.192960 2.030112 -2.221632 163104
0 0.651168 -1.915200 9.499392 163311
1 -10.188864 -0.651168 -0.383040 163318
2 -7.162848 5.860512 -2.834496 163325
0 0.651168 -1.915200 9.499392 163531
1 -9.997344 -2.374848 0.306432 163540
2 -7.047936 0.119008 -1.493856 163546
0 0.651168 -1.915200 9.499392 163753
1 -9.499392 -2.374848 0.612864 163761
2 -9.231264 2.570464 -3.140928 163768
0 0.651168 -1.915200 9.499392 163974
1 -9.307872 -2.604672 0.497952 163981
2 -9.192960 2.030112 -1.493856 163988
0 -1.532160 0.084800 9.499392 164194
1 -10.380384 -1.876896 0.153216 164201
2 -9.537696 1.608768 -1.302336 164208
0 -1.532160 1.608768 9.116352 164414
1 -9.154656 -4.175136 -0.076608 164421
2 -9.422784 1.685376 -1.417248 164427
0 -0.842688 0.608768 9.116352 164635
1 -9.154656 -1.072512 0.727776 164643
2 -13.942656 -1.953504 -4.417248 164649
0 -0.842688 0.114912 9.116352 164856
1 -10.878336 -0.689472 0.727776 164863
2 -10.916640 13.441824 -6.396768 164870
0 -0.114912 1.114912 9.461088 165077
1 -7.507584 -2.604672 2.030112 165084
2 -10.418688 -0.038304 -3.638880 165091
0 -0.114912 1.685376 8.197056 165304
1 -12.142368 -2.068416 2.030112 165311
2 -9.307872 3.907008 -1.915200 165318
0 -0.114912 1.685376 8.197056 165524
1 -12.142368 -2.068416 0.229824 165531
2 -19.190304 -4.548544 -2.221632 165539
0 -0.114912 0.685376 8.197056 165748
1 -8.695008 -1.034208 -0.153216 165755
2 -2.604672 -5.247648 -5.056128 165762
0 -0.114912 -0.766080 8.733312 165968
1 -10.725120 -0.306432 -0.153216 165975
2 -19.535040 10.560832 -2.604672 165982
0 0.306432 0.233920 8.733312 166189
1 -10.725120 -0.306432 1.034208 166196
2 -8.535040 11.529504 -4.060224 166203
0 0.306432 1.800288 8.618400 166410
1 -11.644416 -0.306432 1.034208 166416
2 -8.120448 11.529504 -4.060224 166423
0 0.306432 1.800288 8.618400 166629
1 -11.644416 -4.306432 1.034208 166637
2 -10.571904 -0.076608 -6.664896 166644
0 -0.229824 1.812576 7.086240 166851
1 -11.644416 -4.060224 2.221632 166858
2 -10.571904 2.183328 -2.911104 166865
0 -0.229824 2.489760 9.844128 167071
1 -8.541792 -1.060224 2.221632 167079
2 -2.145024 -6.358464 -2.451456 167086
0 -0.229824 2.489760 9.844128 167293
1 -8.541792 -1.110816 -0.153216 167301
2 -7.316064 19.535040 4.788000 167308
0 0.957600 1.489760 9.844128 167514
1 -9.614304 -1.110816 -0.153216 167521
2 -9.690912 2.374848 4.788000 167527
0 0.114912 0.383040 8.120448 167734
1 -9.614304 -1.110816 -0.153216 167742
2 -9.690912 2.374848 -1.302336 167749
0 0.880992 -0.497952 8.197056 167955
1 -9.614304 -2.872800 0.846784 167962
2 -9.767520 2.374848 -1.302336 167969
0 0.880992 -0.497952 12.104064 168175
1 -9.614304 -2.872800 0.846784 168182
2 -9.767520 1.302336 -2.302336 168190
0 0.651168 2.413152 9.422784 168397
1 -6.435072 -2.872800 1.761984 168403
2 -5.132736 1.302336 -2.604672 168410
0 -0.306432 2.413152 10.188864 168616
1 -6.435072 -2.872800 1.761984 168623
2 -5.132736 1.034208 -0.995904 168630
0 -0.076608 -0.727776 7.545888 168837
1 -6.435072 -2.872800 1.761984 168844
2 -6.320160 -0.574560 -0.995904 168851
0 -1.302336 0.268128 8.656704 169058
1 -8.695008 -2.681280 2.068416 169064
2 -6.320160 -0.574560 -0.995904 169071
0 -0.153216 3.140928 8.197056 169278
1 [UNSUBSCRIBED]
Disconnected: EF:AB:B3:C6:97:40 (random) (reason 0x08)
Scanning failed to start (err -69)
-8.695008 -2.681280 2.068416 169285
2 -6.320160 -0.574560 -0.995904 169395
0 0.421344 2.183328 7.852320 169602
1 -8.695008 -0.804384 -0.306432 169608
2 -6.320160 -0.574560 -0.995904 169615
[DEVICE]: EF:AB:B3:C6:97:40 (random), AD evt type 0, AD data len 3, RSSI -75
0 0.421344 2.183328 7.852320 169822
1 -8.695008 -0.804384 -0.306432 169828
2 -6.320160 -0.574560 -0.995904 169836
Connected: EF:AB:B3:C6:97:40 (random)
Scanning successfully started
0 1.421344 2.183328 7.852320 170043
1 -8.695008 -0.804384 -0.306432 170050
2 -6.320160 -0.574560 -0.995904 170057
0 1.034208 1.838592 11.069856 170264
1 -8.695008 -0.804384 -0.306432 170271
2 -6.320160 -0.574560 -0.995904 170277
0 1.072512 3.868704 10.150560 170485
1 -8.695008 -0.804384 -0.306432 170492
2 -6.320160 -0.574560 -0.995904 170499
0 1.455552 3.523968 8.924832 170706
1 -8.695008 -0.804384 -0.306432 170712
2 -6.320160 -0.574560 -0.995904 170719
0 -0.076608 1.800288 9.346176 170926
